0;123;123;
1;123;123;
2;129;129;
3;131;131;
4;139;139;
5;139;139;
6;139;139;
7;152;152;
8;152;149;
9;174;174;
10;174;174;
11;174;174;
12;174;174;
13;174;174;
14;177;177;
15;177;177;
16;177;177;
17;190;190;
18;190;177;
19;190;174;
20;190;174;
21;190;174;
22;190;190;
23;190;190;
24;190;190;
25;190;190;
26;190;190;
27;190;190;
28;190;190;
29;190;190;
30;190;174;
31;190;174;
32;190;190;
33;190;174;
34;190;174;
35;190;174;
36;190;174;
37;190;174;
38;190;174;
39;190;174;
40;190;174;
41;190;174;
42;190;174;
43;190;174;
44;190;174;
45;190;174;
46;190;174;
47;190;174;
48;190;174;
49;190;174;
50;190;174;
51;190;174;
52;190;174;
53;190;174;
54;190;174;
55;190;174;
56;190;178;
57;190;174;
58;190;174;
59;190;174;
60;190;174;
61;190;174;
62;190;174;
63;190;174;
64;190;174;
65;190;178;
66;190;178;
67;190;178;
68;190;174;
69;190;174;
70;190;174;
71;190;174;
72;190;174;
73;190;174;
74;190;174;
75;190;174;
76;190;174;
77;190;174;
78;190;174;
79;190;174;
80;190;174;
81;190;174;
82;190;174;
83;190;174;
84;190;174;
85;190;174;
86;190;174;
87;190;174;
88;190;174;
89;190;174;
90;190;174;
91;190;174;
92;190;174;
93;190;174;
94;190;174;
95;190;174;
96;190;174;
97;190;174;
98;190;174;
99;190;174;
100;190;174;
101;190;174;
102;190;174;
103;190;174;
104;190;174;
105;190;174;
106;190;174;
107;190;174;
108;190;174;
109;190;174;
110;190;174;
111;190;174;
112;190;174;
113;190;174;
114;190;174;
115;190;174;
116;190;174;
117;190;174;
118;190;174;
119;190;174;
120;190;174;
121;190;174;
122;190;174;
123;190;174;
124;190;174;
125;190;174;
126;190;174;
127;190;174;
128;190;174;
129;190;174;
130;190;174;
131;190;174;
132;190;174;
133;190;174;
134;190;174;
135;190;174;
136;190;174;
137;190;174;
138;190;174;
139;190;174;
140;190;174;
141;190;174;
142;190;174;
143;190;174;
144;190;174;
145;190;174;
146;190;174;
147;190;174;
148;190;174;
149;190;174;
150;190;174;
151;190;174;
152;190;174;
153;190;174;
154;190;174;
155;190;174;
156;190;174;
157;190;174;
158;190;174;
159;190;174;
160;190;174;
161;190;174;
162;190;174;
163;190;174;
164;190;174;
165;190;174;
166;190;174;
167;190;174;
168;190;174;
169;190;174;
170;190;174;
171;190;174;
172;190;174;
173;190;174;
174;190;174;
175;190;174;
176;190;174;
177;190;174;
178;190;174;
179;190;174;
180;190;174;
181;190;174;
182;190;174;
183;190;174;
184;190;174;
185;190;174;
186;190;174;
187;190;174;
188;190;174;
189;190;174;
190;190;174;
191;190;174;
192;190;174;
193;190;174;
194;190;174;
195;190;174;
196;190;174;
197;190;174;
198;190;174;
199;190;174;
200;190;174;
201;190;174;
202;190;174;
203;190;174;
204;190;174;
205;190;174;
206;190;174;
207;190;174;
208;190;174;
209;190;174;
210;190;174;
211;190;174;
212;190;174;
213;190;174;
214;190;174;
215;190;174;
216;190;174;
217;190;174;
218;190;174;
219;190;174;
220;190;174;
221;190;174;
222;190;174;
223;190;174;
224;190;174;
225;190;174;
226;190;174;
227;190;174;
228;190;174;
229;190;174;
230;190;174;
231;190;174;
232;190;174;
233;190;174;
234;190;174;
235;190;174;
236;190;174;
237;190;174;
238;190;174;
239;190;174;
240;190;174;
241;190;174;
242;190;174;
243;190;174;
244;190;174;
245;190;174;
246;190;174;
247;190;174;
248;190;174;
249;190;174;
250;190;174;
251;190;174;
252;190;174;
253;190;174;
254;190;174;
255;190;174;
256;190;174;
257;190;174;
258;190;174;
259;190;174;
260;190;174;
261;190;174;
262;190;174;
263;190;174;
264;190;174;
265;190;174;
266;190;174;
267;190;174;
268;190;174;
269;190;174;
270;190;174;
271;190;174;
272;190;174;
273;190;174;
274;190;174;
275;190;174;
276;190;174;
277;190;174;
278;190;174;
279;190;174;
280;190;174;
281;190;174;
282;190;174;
283;190;174;
284;190;174;
285;190;174;
286;190;174;
287;190;174;
288;190;174;
289;190;174;
290;190;174;
291;190;174;
292;190;174;
293;190;174;
294;190;174;
295;190;174;
296;190;174;
297;190;174;
298;190;174;
299;190;174;
300;190;174;
301;190;174;
302;190;174;
303;190;174;
304;190;174;
305;190;174;
306;190;174;
307;211;211;
308;211;211;
309;211;211;
310;211;211;
311;211;211;
312;211;211;
313;211;211;
314;211;211;
315;211;211;
316;211;211;
317;211;211;
318;211;211;
319;211;211;
320;211;211;
321;211;211;
322;211;211;
323;211;211;
324;211;211;
325;211;211;
326;211;211;
327;211;211;
328;211;211;
329;211;211;
330;211;211;
331;211;211;
332;211;211;
333;211;211;
334;211;211;
335;211;211;
336;212;212;
337;212;212;
338;212;211;
339;212;211;
340;212;211;
341;212;211;
342;212;211;
343;212;211;
344;212;211;
345;212;211;
346;212;211;
347;212;211;
348;212;211;
349;212;211;
350;212;211;
351;212;211;
352;212;211;
353;212;211;
354;212;211;
355;212;211;
356;230;230;
357;230;211;
358;230;211;
359;230;211;
360;230;211;
361;230;211;
362;230;211;
363;230;211;
364;230;211;
365;230;211;
366;230;211;
367;230;211;
368;230;211;
369;230;211;
370;230;211;
371;230;211;
372;230;211;
373;230;212;
374;230;211;
375;230;211;
376;230;211;
377;230;211;
378;230;211;
379;230;211;
380;230;212;
381;230;212;
382;230;212;
383;230;212;
384;230;212;
385;230;212;
386;230;212;
387;240;240;
388;240;230;
389;240;240;
390;240;240;
391;240;212;
392;240;211;
393;240;211;
394;240;211;
395;240;211;
396;240;211;
397;240;230;
398;240;230;
399;240;211;
400;240;211;
401;240;211;
402;240;211;
403;240;211;
404;240;211;
405;240;211;
406;240;211;
407;240;230;
408;240;230;
409;240;211;
410;240;211;
411;240;211;
412;240;211;
413;240;211;
414;240;211;
415;240;211;
416;240;211;
417;240;211;
418;240;211;
419;240;211;
420;240;211;
421;240;214;
422;240;211;
423;240;211;
424;240;211;
425;240;211;
426;240;211;
427;240;211;
428;240;211;
429;240;211;
430;240;211;
431;240;211;
432;240;211;
433;240;211;
434;240;211;
435;240;211;
436;240;211;
437;240;211;
438;240;211;
439;240;211;
440;240;211;
441;240;211;
442;240;211;
443;240;211;
444;240;211;
445;240;211;
446;240;211;
447;240;211;
448;240;211;
449;240;211;
450;240;211;
451;240;211;
452;240;211;
453;240;211;
454;240;211;
455;240;211;
456;240;211;
457;240;211;
458;240;211;
459;240;211;
460;240;211;
461;240;211;
462;240;211;
463;240;211;
464;240;211;
465;240;231;
466;240;231;
467;240;231;
468;240;211;
469;240;211;
470;240;211;
471;240;211;
472;240;211;
473;240;211;
474;240;211;
475;240;211;
476;240;211;
477;240;211;
478;240;211;
479;240;211;
480;240;211;
481;240;211;
482;240;211;
483;240;211;
484;240;240;
485;240;240;
486;240;240;
487;240;240;
488;240;240;
489;240;240;
490;240;240;
491;264;264;
492;264;264;
493;264;264;
494;264;264;
495;264;240;
496;264;240;
497;264;240;
498;264;240;
499;264;240;
500;264;240;
501;264;240;
502;264;240;
503;264;240;
504;264;240;
505;264;240;
506;264;240;
507;264;240;
508;264;240;
509;264;240;
510;264;240;
511;264;240;
512;264;240;
513;264;240;
514;264;240;
515;264;240;
516;264;240;
517;264;240;
518;264;240;
519;264;240;
520;264;240;
521;264;240;
522;264;245;
523;264;245;
524;264;245;
525;264;245;
526;264;245;
527;264;245;
528;264;245;
529;264;245;
530;264;245;
531;264;245;
532;264;245;
533;264;245;
534;264;245;
535;264;245;
536;264;245;
537;264;245;
538;264;250;
539;264;245;
540;264;245;
541;264;245;
542;264;245;
543;264;245;
544;264;245;
545;269;269;
546;269;245;
547;269;245;
548;269;269;
549;269;269;
550;269;269;
551;269;245;
552;269;245;
553;269;245;
554;269;245;
555;269;245;
556;269;245;
557;269;245;
558;269;245;
559;269;245;
560;269;245;
561;269;245;
562;269;245;
563;269;269;
564;269;269;
565;269;269;
566;269;245;
567;269;245;
568;269;245;
569;269;245;
570;269;245;
571;269;245;
572;269;245;
573;269;245;
574;269;245;
575;269;245;
576;269;245;
577;269;245;
578;269;245;
579;269;245;
580;269;245;
581;269;245;
582;269;245;
583;269;245;
584;269;245;
585;269;245;
586;269;245;
587;269;245;
588;269;245;
589;269;245;
590;269;269;
591;269;245;
592;269;245;
593;269;269;
594;269;269;
595;269;269;
596;269;269;
597;269;269;
598;269;269;
599;269;269;
600;269;269;
601;269;269;
602;269;269;
603;269;245;
604;269;245;
605;269;245;
606;269;269;
607;269;269;
608;269;269;
609;269;269;
610;269;269;
611;269;245;
612;269;245;
613;269;245;
614;269;245;
615;269;245;
616;269;245;
617;269;245;
618;269;245;
619;269;245;
620;269;245;
621;269;245;
622;269;245;
623;269;245;
624;269;245;
625;269;245;
626;269;245;
627;269;245;
628;269;245;
629;269;245;
630;269;245;
631;269;245;
632;269;245;
633;269;245;
634;269;245;
635;269;245;
636;269;245;
637;269;245;
638;269;245;
639;269;245;
640;269;245;
641;269;245;
642;269;245;
643;269;245;
644;269;245;
645;269;245;
646;269;245;
647;269;245;
648;269;245;
649;269;245;
650;269;245;
651;269;245;
652;269;245;
653;269;245;
654;269;245;
655;269;245;
656;269;245;
657;269;245;
658;269;245;
659;269;245;
660;269;245;
661;269;245;
662;269;245;
663;269;245;
664;269;245;
665;269;245;
666;269;245;
667;269;245;
668;269;245;
669;269;245;
670;269;245;
671;269;245;
672;269;245;
673;269;245;
674;269;245;
675;269;245;
676;269;245;
677;269;245;
678;269;245;
679;269;245;
680;269;245;
681;269;245;
682;269;245;
683;269;245;
684;269;245;
685;269;245;
686;269;245;
687;269;245;
688;269;245;
689;274;274;
690;274;245;
691;274;245;
692;274;245;
693;274;245;
694;274;245;
695;274;245;
696;274;245;
697;274;245;
698;274;245;
699;274;245;
700;274;245;
701;274;245;
702;274;265;
703;274;265;
704;274;265;
705;274;265;
706;274;265;
707;274;265;
708;274;265;
709;274;265;
710;274;265;
711;274;265;
712;274;265;
713;274;265;
714;274;265;
715;274;265;
716;274;265;
717;274;265;
718;274;265;
719;274;265;
720;274;265;
721;274;265;
722;274;265;
723;274;265;
724;274;265;
725;274;265;
726;274;265;
727;274;265;
728;274;265;
729;274;269;
730;274;269;
731;274;269;
732;274;269;
733;274;265;
734;274;265;
735;274;265;
736;274;265;
737;274;265;
738;274;265;
739;274;265;
740;274;265;
741;274;265;
742;274;265;
743;274;265;
744;274;265;
745;274;265;
746;274;265;
747;274;265;
748;274;265;
749;274;265;
750;274;265;
751;274;265;
752;274;265;
753;274;265;
754;274;265;
755;274;269;
756;274;265;
757;274;265;
758;274;265;
759;274;265;
760;274;265;
761;274;265;
762;274;265;
763;274;265;
764;274;265;
765;274;265;
766;274;265;
767;274;265;
768;274;265;
769;274;265;
770;274;265;
771;274;265;
772;274;265;
773;274;265;
774;274;265;
775;274;265;
776;274;265;
777;274;265;
778;274;265;
779;274;265;
780;274;265;
781;274;265;
782;274;265;
783;274;265;
784;274;265;
785;274;265;
786;274;265;
787;274;265;
788;274;265;
789;274;265;
790;274;265;
791;274;265;
792;274;265;
793;274;269;
794;274;269;
795;274;269;
796;274;269;
797;274;269;
798;274;269;
799;274;269;
800;274;269;
801;274;269;
802;274;269;
803;274;269;
804;274;269;
805;274;265;
806;274;265;
807;274;265;
808;274;265;
809;274;265;
810;274;265;
811;274;265;
812;274;265;
813;274;265;
814;274;265;
815;274;265;
816;274;265;
817;274;265;
818;274;265;
819;274;265;
820;274;265;
821;274;265;
822;274;265;
823;274;269;
824;274;269;
825;274;265;
826;274;265;
827;274;265;
828;274;265;
829;274;265;
830;274;265;
831;274;265;
832;274;265;
833;274;265;
834;274;265;
835;274;265;
836;274;265;
837;274;265;
838;274;265;
839;274;265;
840;274;265;
841;274;265;
842;274;265;
843;274;265;
844;274;265;
845;274;265;
846;274;265;
847;274;265;
848;274;265;
849;274;265;
850;274;265;
851;274;265;
852;274;265;
853;274;265;
854;274;265;
855;274;265;
856;274;265;
857;274;265;
858;274;269;
859;274;265;
860;274;265;
861;274;265;
862;274;265;
863;274;265;
864;274;265;
865;274;265;
866;274;265;
867;274;265;
868;274;265;
869;274;265;
870;274;265;
871;274;265;
872;274;265;
873;274;265;
874;274;265;
875;274;265;
876;274;265;
877;274;265;
878;274;265;
879;274;265;
880;274;265;
881;274;265;
882;274;265;
883;274;265;
884;274;265;
885;274;265;
886;274;265;
887;274;265;
888;274;265;
889;274;265;
890;274;265;
891;274;265;
892;274;265;
893;274;265;
894;274;265;
895;274;265;
896;274;269;
897;274;265;
898;274;265;
899;274;265;
900;274;265;
901;274;265;
902;274;265;
903;274;265;
904;274;265;
905;274;265;
906;274;265;
907;274;265;
908;274;265;
909;274;265;
910;274;265;
911;274;265;
912;274;265;
913;274;265;
914;274;265;
915;274;265;
916;274;265;
917;274;265;
918;274;265;
919;274;265;
920;274;265;
921;274;265;
922;274;265;
923;274;265;
924;274;265;
925;274;265;
926;274;265;
927;274;265;
928;274;265;
929;274;265;
930;274;265;
931;274;265;
932;274;265;
933;274;265;
934;274;265;
935;274;265;
936;274;265;
937;274;265;
938;274;265;
939;274;265;
940;274;265;
941;274;265;
942;274;265;
943;274;265;
944;274;265;
945;274;265;
946;274;265;
947;274;265;
948;274;265;
949;274;265;
950;274;265;
951;274;265;
952;274;265;
953;274;265;
954;274;265;
955;274;265;
956;274;269;
957;274;269;
958;274;269;
959;274;269;
960;274;265;
961;274;265;
962;274;265;
963;274;265;
964;274;265;
965;274;265;
966;274;265;
967;274;265;
968;274;265;
969;274;265;
970;274;265;
971;274;265;
972;274;265;
973;274;265;
974;274;265;
975;274;265;
976;274;265;
977;274;265;
978;274;265;
979;274;265;
980;274;265;
981;274;265;
982;274;265;
983;274;265;
984;274;265;
985;274;265;
986;274;265;
987;274;265;
988;274;265;
989;274;265;
990;274;265;
991;274;265;
992;274;265;
993;274;265;
994;274;265;
995;274;265;
996;274;265;
997;274;269;
998;274;269;
999;274;265;
1000;274;265;
1001;274;265;
1002;274;265;
1003;274;265;
1004;274;265;
1005;274;265;
1006;274;265;
1007;274;265;
1008;274;265;
1009;274;265;
1010;274;265;
1011;274;265;
1012;274;265;
1013;274;265;
1014;274;265;
1015;274;265;
1016;274;265;
1017;274;265;
1018;274;265;
1019;274;265;
1020;274;265;
1021;274;265;
1022;274;265;
1023;274;265;
1024;274;265;
1025;274;265;
1026;274;265;
1027;274;265;
1028;274;265;
1029;274;265;
1030;274;265;
1031;274;265;
1032;274;265;
1033;274;265;
1034;274;265;
1035;274;265;
1036;274;265;
1037;274;265;
1038;274;265;
1039;274;265;
1040;274;265;
1041;274;265;
1042;274;265;
1043;274;265;
1044;274;265;
1045;274;265;
1046;274;269;
1047;274;269;
1048;274;269;
1049;274;269;
1050;274;269;
1051;274;265;
1052;274;265;
1053;274;265;
1054;274;265;
1055;274;265;
1056;274;265;
1057;274;265;
1058;274;265;
1059;274;265;
1060;274;265;
1061;274;265;
1062;274;265;
1063;274;265;
1064;274;265;
1065;274;265;
1066;274;265;
1067;274;265;
1068;274;265;
1069;274;265;
1070;274;265;
1071;274;265;
1072;274;265;
1073;274;265;
1074;274;265;
1075;274;265;
1076;274;265;
1077;274;265;
1078;274;265;
1079;274;265;
1080;274;265;
1081;274;269;
1082;274;265;
1083;274;265;
1084;274;265;
1085;274;265;
1086;274;265;
1087;274;265;
1088;274;265;
1089;274;265;
1090;274;265;
1091;274;265;
1092;274;265;
1093;274;265;
1094;274;265;
1095;274;265;
1096;274;265;
1097;274;265;
1098;274;265;
1099;274;265;
1100;274;265;
1101;274;265;
1102;274;265;
1103;274;265;
1104;274;265;
1105;274;265;
1106;274;265;
1107;274;265;
1108;274;265;
1109;274;265;
1110;274;265;
1111;274;265;
1112;274;265;
1113;274;265;
1114;274;265;
1115;274;265;
1116;274;265;
1117;274;269;
1118;274;265;
1119;274;265;
1120;274;265;
1121;274;265;
1122;274;265;
1123;274;265;
1124;274;265;
1125;274;265;
1126;274;265;
1127;274;265;
1128;274;265;
1129;274;265;
1130;274;265;
1131;274;265;
1132;274;265;
1133;274;265;
1134;274;265;
1135;274;265;
1136;274;265;
1137;274;265;
1138;274;265;
1139;274;269;
1140;274;269;
1141;274;269;
1142;274;269;
1143;274;269;
1144;274;269;
1145;274;269;
1146;274;269;
1147;274;269;
1148;274;269;
1149;274;269;
1150;274;269;
1151;274;269;
1152;274;269;
1153;274;269;
1154;274;269;
1155;274;269;
1156;274;269;
1157;274;269;
1158;274;269;
1159;274;269;
1160;274;269;
1161;274;269;
1162;274;269;
1163;274;269;
1164;274;269;
1165;274;269;
1166;274;269;
1167;274;269;
1168;274;269;
1169;274;269;
1170;274;269;
1171;274;269;
1172;274;269;
1173;274;269;
1174;274;269;
1175;274;269;
1176;274;269;
1177;274;269;
1178;274;269;
1179;274;269;
1180;274;265;
1181;274;265;
1182;274;265;
1183;274;265;
1184;274;265;
1185;274;265;
1186;274;265;
1187;274;265;
1188;274;265;
1189;274;265;
1190;274;265;
1191;274;265;
1192;274;265;
1193;274;265;
1194;274;265;
1195;274;265;
1196;274;265;
1197;274;265;
1198;274;265;
1199;274;265;
1200;274;265;
1201;274;265;
1202;274;265;
1203;274;265;
1204;274;265;
1205;274;265;
1206;274;265;
1207;274;265;
1208;274;265;
1209;274;265;
1210;274;265;
1211;274;265;
1212;274;265;
1213;274;265;
1214;274;265;
1215;274;265;
1216;274;265;
1217;274;265;
1218;274;265;
1219;274;265;
1220;274;265;
1221;274;265;
1222;274;265;
1223;274;265;
1224;274;265;
1225;274;265;
1226;274;265;
1227;274;265;
1228;274;265;
1229;274;265;
1230;274;265;
1231;274;265;
1232;274;265;
1233;274;265;
1234;274;265;
1235;274;265;
1236;274;265;
1237;274;265;
1238;274;265;
1239;274;269;
1240;274;269;
1241;274;269;
1242;274;269;
1243;274;269;
1244;274;269;
1245;274;269;
1246;274;269;
1247;274;265;
1248;274;265;
1249;274;265;
1250;274;265;
1251;274;265;
1252;274;265;
1253;274;265;
1254;274;265;
1255;274;265;
1256;274;265;
1257;274;265;
1258;274;265;
1259;274;265;
1260;274;265;
1261;274;265;
1262;274;265;
1263;274;265;
1264;274;269;
1265;274;265;
1266;274;265;
1267;274;265;
1268;274;265;
1269;274;265;
1270;274;265;
1271;274;265;
1272;274;265;
1273;274;265;
1274;274;265;
1275;274;265;
1276;274;265;
1277;274;265;
1278;274;265;
1279;274;265;
1280;274;265;
1281;274;265;
1282;274;265;
1283;274;265;
1284;274;265;
1285;274;269;
1286;274;265;
1287;274;265;
1288;274;265;
1289;274;265;
1290;274;265;
1291;274;265;
1292;274;265;
1293;274;265;
1294;274;265;
1295;274;265;
1296;274;265;
1297;274;265;
1298;274;265;
1299;274;265;
1300;274;269;
1301;274;269;
1302;274;269;
1303;274;269;
1304;274;269;
1305;288;288;
1306;288;288;
1307;288;288;
1308;288;288;
1309;288;288;
1310;288;288;
1311;288;269;
1312;288;288;
1313;288;269;
1314;288;269;
1315;288;269;
1316;288;269;
1317;288;269;
1318;288;269;
1319;288;265;
1320;288;265;
1321;288;265;
1322;288;265;
1323;288;265;
1324;288;265;
1325;288;265;
1326;288;265;
1327;288;265;
1328;288;265;
1329;288;265;
1330;288;265;
1331;288;265;
1332;288;265;
1333;288;265;
1334;288;265;
1335;288;265;
1336;288;265;
1337;288;265;
1338;288;265;
1339;288;265;
1340;288;265;
1341;288;265;
1342;288;265;
1343;288;265;
1344;288;265;
1345;288;269;
1346;288;269;
1347;288;269;
1348;288;269;
1349;288;269;
1350;288;269;
1351;288;269;
1352;288;269;
1353;288;269;
1354;288;269;
1355;288;269;
1356;288;269;
1357;288;269;
1358;288;269;
1359;288;269;
1360;288;269;
1361;288;269;
1362;288;269;
1363;288;265;
1364;288;265;
1365;288;265;
1366;288;265;
1367;288;265;
1368;288;265;
1369;288;265;
1370;288;265;
1371;288;265;
1372;288;265;
1373;288;265;
1374;288;265;
1375;288;265;
1376;288;265;
1377;288;265;
1378;288;265;
1379;288;265;
1380;288;265;
1381;288;265;
1382;288;265;
1383;288;265;
1384;288;269;
1385;288;269;
1386;288;265;
1387;288;265;
1388;288;265;
1389;288;265;
1390;288;265;
1391;288;265;
1392;288;265;
1393;288;265;
1394;288;265;
1395;288;265;
1396;288;265;
1397;288;265;
1398;288;265;
1399;288;265;
1400;288;269;
1401;288;269;
1402;288;269;
1403;288;269;
1404;288;269;
1405;288;269;
1406;288;288;
1407;288;265;
1408;288;265;
1409;288;265;
1410;288;265;
1411;288;265;
1412;288;265;
1413;288;265;
1414;288;265;
1415;288;265;
1416;288;265;
1417;288;265;
1418;288;265;
1419;288;265;
1420;288;265;
1421;288;265;
1422;288;265;
1423;288;265;
1424;288;269;
1425;288;265;
1426;288;269;
1427;288;269;
1428;288;265;
1429;288;265;
1430;288;265;
1431;288;265;
1432;288;265;
1433;288;265;
1434;288;265;
1435;288;265;
1436;288;265;
1437;288;265;
1438;288;265;
1439;288;265;
1440;288;265;
1441;288;265;
1442;288;265;
1443;288;265;
1444;288;288;
1445;288;265;
1446;288;265;
1447;288;265;
1448;288;265;
1449;288;265;
1450;288;265;
1451;288;265;
1452;288;265;
1453;288;265;
1454;288;265;
1455;288;265;
1456;288;265;
1457;288;265;
1458;288;265;
1459;288;265;
1460;288;265;
1461;288;265;
1462;288;265;
1463;288;265;
1464;288;265;
1465;288;265;
1466;288;265;
1467;288;265;
1468;288;265;
1469;288;265;
1470;288;265;
1471;288;269;
1472;288;269;
1473;288;269;
1474;288;269;
1475;288;269;
1476;288;269;
1477;288;269;
1478;288;269;
1479;288;269;
1480;288;269;
1481;288;269;
1482;288;269;
1483;288;269;
1484;288;269;
1485;288;269;
1486;288;269;
1487;288;269;
1488;288;269;
1489;288;269;
1490;288;269;
1491;288;269;
1492;288;269;
1493;288;269;
1494;288;288;
1495;288;288;
1496;288;288;
1497;288;265;
1498;288;265;
1499;288;265;
1500;288;265;
1501;288;265;
1502;288;265;
1503;288;265;
1504;288;265;
1505;288;265;
1506;288;265;
1507;288;265;
1508;288;265;
1509;288;265;
1510;288;265;
1511;288;265;
1512;288;265;
1513;288;265;
1514;288;265;
1515;288;265;
1516;288;265;
1517;288;265;
1518;288;265;
1519;288;265;
1520;288;265;
1521;288;265;
1522;288;265;
1523;288;265;
1524;288;265;
1525;288;265;
1526;288;265;
1527;288;265;
1528;288;265;
1529;288;265;
1530;288;265;
1531;288;265;
1532;288;265;
1533;288;265;
1534;288;265;
1535;288;265;
1536;288;265;
1537;288;265;
1538;288;265;
1539;288;265;
1540;288;265;
1541;288;265;
1542;288;269;
1543;288;269;
1544;288;269;
1545;288;265;
1546;288;265;
1547;288;265;
1548;288;265;
1549;288;265;
1550;288;265;
1551;288;265;
1552;288;265;
1553;288;265;
1554;288;265;
1555;288;265;
1556;288;265;
1557;288;265;
1558;288;265;
1559;288;265;
1560;288;265;
1561;288;265;
1562;288;265;
1563;288;265;
1564;288;265;
1565;288;265;
1566;288;265;
1567;288;265;
1568;288;265;
1569;288;265;
1570;288;265;
1571;288;265;
1572;288;265;
1573;288;265;
1574;288;269;
1575;288;269;
1576;288;269;
1577;288;269;
1578;288;269;
1579;288;269;
1580;288;269;
1581;288;269;
1582;288;269;
1583;288;269;
1584;288;269;
1585;288;269;
1586;288;269;
1587;288;269;
1588;288;269;
1589;288;269;
1590;288;269;
1591;288;269;
1592;288;269;
1593;288;269;
1594;288;269;
1595;288;269;
1596;288;269;
1597;288;269;
1598;288;269;
1599;288;269;
1600;288;269;
1601;288;269;
1602;288;269;
1603;288;269;
1604;288;269;
1605;288;269;
1606;288;269;
1607;288;269;
1608;288;269;
1609;288;269;
1610;288;269;
1611;288;265;
1612;288;265;
1613;288;265;
1614;288;265;
1615;288;265;
1616;288;265;
1617;288;265;
1618;288;288;
1619;288;288;
1620;288;288;
1621;288;288;
1622;288;288;
1623;288;288;
1624;288;288;
1625;288;288;
1626;303;303;
1627;303;303;
1628;303;303;
1629;303;303;
1630;303;303;
1631;303;303;
1632;303;303;
1633;303;288;
1634;303;288;
1635;303;288;
1636;303;288;
1637;303;288;
1638;303;288;
1639;303;288;
1640;303;288;
1641;303;288;
1642;303;288;
1643;303;288;
1644;303;288;
1645;303;288;
1646;303;288;
1647;303;288;
1648;303;288;
1649;303;288;
1650;303;288;
1651;303;288;
1652;303;288;
1653;303;288;
1654;303;288;
1655;303;288;
1656;303;288;
1657;303;288;
1658;303;288;
1659;303;288;
1660;303;288;
1661;303;288;
1662;303;288;
1663;303;288;
1664;303;265;
1665;303;265;
1666;303;265;
1667;303;265;
1668;303;265;
1669;303;265;
1670;303;265;
1671;303;265;
1672;303;265;
1673;303;265;
1674;303;265;
1675;303;265;
1676;303;265;
1677;303;265;
1678;303;265;
1679;303;265;
1680;303;265;
1681;303;265;
1682;303;265;
1683;303;265;
1684;303;265;
1685;303;265;
1686;303;265;
1687;303;265;
1688;303;288;
1689;303;288;
1690;303;288;
1691;303;288;
1692;303;288;
1693;303;288;
1694;303;288;
1695;303;288;
1696;303;288;
1697;303;288;
1698;303;288;
1699;303;288;
1700;303;288;
1701;303;288;
1702;303;288;
1703;303;288;
1704;303;265;
1705;303;265;
1706;303;265;
1707;303;265;
1708;303;265;
1709;303;279;
1710;303;265;
1711;303;265;
1712;303;265;
1713;303;265;
1714;303;265;
1715;303;265;
1716;303;265;
1717;303;265;
1718;303;265;
1719;303;265;
1720;303;265;
1721;303;265;
1722;303;265;
1723;303;265;
1724;303;265;
1725;303;265;
1726;303;265;
1727;303;265;
1728;303;265;
1729;303;265;
1730;303;265;
1731;303;265;
1732;303;265;
1733;303;265;
1734;303;265;
1735;303;265;
1736;303;265;
1737;303;265;
1738;303;265;
1739;303;265;
1740;303;265;
1741;303;265;
1742;303;279;
1743;303;265;
1744;303;265;
1745;303;265;
1746;303;265;
1747;303;265;
1748;303;265;
1749;303;265;
1750;303;265;
1751;303;265;
1752;303;265;
1753;303;265;
1754;303;265;
1755;303;265;
1756;303;265;
1757;303;265;
1758;303;265;
1759;303;265;
1760;303;265;
1761;303;265;
1762;303;265;
1763;303;265;
1764;303;265;
1765;303;265;
1766;303;265;
1767;303;265;
1768;303;265;
1769;303;265;
1770;303;265;
1771;303;265;
1772;303;265;
1773;303;265;
1774;303;265;
1775;303;265;
1776;303;265;
1777;303;265;
1778;303;265;
1779;303;265;
1780;303;265;
1781;303;265;
1782;303;265;
1783;303;265;
1784;303;265;
1785;303;265;
1786;303;265;
1787;303;265;
1788;303;265;
1789;303;265;
1790;303;265;
1791;303;265;
1792;303;265;
1793;303;265;
1794;303;265;
1795;303;265;
1796;303;265;
1797;303;265;
1798;303;265;
1799;303;265;
1800;303;265;
1801;303;265;
1802;303;265;
1803;303;265;
1804;303;265;
1805;303;265;
1806;303;265;
1807;303;265;
1808;303;265;
1809;303;265;
1810;303;265;
1811;303;265;
1812;303;265;
1813;303;265;
1814;303;265;
1815;303;265;
1816;303;265;
1817;303;265;
1818;303;265;
1819;303;265;
1820;303;265;
1821;303;265;
1822;303;265;
1823;303;265;
1824;303;265;
1825;303;265;
1826;303;265;
1827;303;265;
1828;303;265;
1829;303;265;
1830;303;265;
1831;303;265;
1832;303;265;
1833;303;265;
1834;303;265;
1835;303;265;
1836;303;265;
1837;303;265;
1838;303;265;
1839;303;269;
1840;303;265;
1841;303;265;
1842;303;265;
1843;303;265;
1844;303;265;
1845;303;265;
1846;303;265;
1847;303;265;
1848;303;265;
1849;303;265;
1850;303;265;
1851;303;265;
1852;303;265;
1853;303;269;
1854;303;265;
1855;303;265;
1856;303;265;
1857;303;265;
1858;303;265;
1859;303;265;
1860;303;265;
1861;303;265;
1862;303;265;
1863;303;265;
1864;303;265;
1865;303;265;
1866;303;265;
1867;303;265;
1868;303;265;
1869;303;265;
1870;303;265;
1871;303;265;
1872;303;265;
1873;303;265;
1874;303;265;
1875;303;265;
1876;303;265;
1877;303;265;
1878;303;265;
1879;303;265;
1880;303;265;
1881;303;265;
1882;303;265;
1883;303;265;
1884;303;265;
1885;303;265;
1886;303;265;
1887;303;265;
1888;303;265;
1889;303;265;
1890;303;265;
1891;303;265;
1892;303;265;
1893;303;265;
1894;303;279;
1895;303;279;
1896;303;279;
1897;303;279;
1898;303;265;
1899;303;265;
1900;303;265;
1901;303;265;
1902;303;265;
1903;303;265;
1904;303;265;
1905;303;265;
1906;303;265;
1907;303;265;
1908;303;265;
1909;303;265;
1910;303;265;
1911;303;265;
1912;303;265;
1913;303;265;
1914;303;265;
1915;303;265;
1916;303;265;
1917;303;265;
1918;303;265;
1919;303;265;
1920;303;265;
1921;303;265;
1922;303;265;
1923;303;265;
1924;303;265;
1925;303;265;
1926;303;265;
1927;303;265;
1928;303;265;
1929;303;265;
1930;303;265;
1931;303;265;
1932;303;265;
1933;303;265;
1934;303;265;
1935;303;265;
1936;303;265;
1937;303;265;
1938;303;265;
1939;303;265;
1940;303;265;
1941;303;265;
1942;303;265;
1943;303;265;
1944;303;265;
1945;303;265;
1946;303;265;
1947;303;265;
1948;303;265;
1949;303;265;
1950;303;265;
1951;303;265;
1952;303;265;
1953;303;265;
1954;303;265;
1955;303;265;
1956;303;279;
1957;303;279;
1958;303;279;
1959;303;279;
1960;303;279;
1961;303;265;
1962;303;265;
1963;303;265;
1964;303;265;
1965;303;265;
1966;303;265;
1967;303;265;
1968;303;265;
1969;303;265;
1970;303;265;
1971;303;265;
1972;303;265;
1973;303;265;
1974;303;265;
1975;303;265;
1976;303;279;
1977;303;279;
1978;303;279;
1979;303;265;
1980;303;265;
1981;303;265;
1982;303;265;
1983;303;265;
1984;303;265;
1985;303;265;
1986;303;265;
1987;303;265;
1988;303;265;
1989;303;279;
1990;303;279;
1991;303;265;
1992;303;265;
1993;303;265;
1994;303;265;
1995;303;265;
1996;303;265;
1997;303;265;
1998;303;265;
1999;303;265;
2000;303;265;
2001;303;265;
2002;303;265;
2003;303;265;
2004;303;265;
2005;303;265;
2006;303;265;
2007;303;265;
2008;303;265;
2009;303;265;
2010;303;265;
2011;303;265;
2012;303;265;
2013;303;265;
2014;303;265;
2015;303;265;
2016;303;265;
2017;303;265;
2018;303;265;
2019;303;265;
2020;307;307;
2021;307;307;
2022;307;307;
2023;307;307;
2024;307;307;
2025;307;307;
2026;307;307;
2027;307;307;
2028;307;307;
2029;307;307;
2030;307;307;
2031;307;307;
2032;307;307;
2033;307;307;
2034;307;307;
2035;307;307;
2036;307;307;
2037;307;307;
2038;307;307;
2039;307;307;
2040;307;307;
2041;307;307;
2042;307;307;
2043;307;307;
2044;307;307;
2045;307;307;
2046;307;307;
2047;307;307;
2048;307;307;
2049;307;307;
2050;307;307;
2051;307;307;
2052;307;307;
2053;307;307;
2054;307;307;
2055;307;307;
2056;307;307;
2057;307;307;
2058;307;307;
2059;307;307;
2060;322;322;
2061;322;307;
2062;322;307;
2063;322;307;
2064;322;307;
2065;322;307;
2066;322;307;
2067;322;307;
2068;322;307;
2069;322;307;
2070;322;307;
2071;322;307;
2072;322;307;
2073;322;307;
2074;322;307;
2075;322;307;
2076;322;307;
2077;322;307;
2078;322;307;
2079;322;307;
2080;322;307;
2081;322;307;
2082;322;312;
2083;322;307;
2084;322;307;
2085;322;307;
2086;322;307;
2087;322;307;
2088;322;307;
2089;322;307;
2090;322;307;
2091;322;307;
2092;322;307;
2093;322;307;
2094;322;307;
2095;322;307;
2096;322;307;
2097;322;307;
2098;322;307;
2099;322;307;
2100;322;307;
2101;322;307;
2102;322;307;
2103;322;307;
2104;322;307;
2105;322;307;
2106;322;307;
2107;322;307;
2108;322;307;
2109;322;307;
2110;322;307;
2111;322;307;
2112;322;307;
2113;322;307;
2114;322;307;
2115;322;307;
2116;322;307;
2117;322;307;
2118;322;307;
2119;322;307;
2120;322;307;
2121;322;307;
2122;322;307;
2123;322;307;
2124;322;307;
2125;322;307;
2126;322;307;
2127;322;307;
2128;322;307;
2129;322;307;
2130;322;307;
2131;322;307;
2132;322;307;
2133;322;307;
2134;322;307;
2135;322;307;
2136;322;307;
2137;322;307;
2138;322;307;
2139;322;307;
2140;322;307;
2141;322;307;
2142;322;307;
2143;322;307;
2144;322;307;
2145;322;307;
2146;322;307;
2147;322;307;
2148;322;307;
2149;322;307;
2150;322;307;
2151;322;307;
2152;322;307;
2153;322;307;
2154;322;307;
2155;322;307;
2156;322;307;
2157;322;307;
2158;322;307;
2159;322;307;
2160;322;307;
2161;322;307;
2162;322;307;
2163;322;307;
2164;322;307;
2165;322;307;
2166;322;307;
2167;322;307;
2168;322;307;
2169;322;307;
2170;322;307;
2171;322;307;
2172;322;307;
2173;322;307;
2174;322;307;
2175;322;307;
2176;322;307;
2177;322;307;
2178;322;307;
2179;322;307;
2180;322;307;
2181;322;307;
2182;322;307;
2183;322;307;
2184;322;307;
2185;322;307;
2186;322;307;
2187;322;307;
2188;322;307;
2189;322;307;
2190;322;307;
2191;322;307;
2192;322;307;
2193;322;307;
2194;322;312;
2195;322;312;
2196;322;307;
2197;322;307;
2198;322;307;
2199;322;307;
2200;322;307;
2201;322;307;
2202;322;307;
2203;322;307;
2204;322;307;
2205;322;307;
2206;322;307;
2207;322;307;
2208;322;307;
2209;322;307;
2210;322;307;
2211;322;307;
2212;322;307;
2213;322;307;
2214;322;307;
2215;322;307;
2216;322;307;
2217;322;307;
2218;322;307;
2219;322;307;
2220;322;307;
2221;322;307;
2222;322;307;
2223;322;307;
2224;322;307;
2225;322;307;
2226;322;307;
2227;322;307;
2228;322;307;
2229;322;307;
2230;322;307;
2231;322;307;
2232;322;307;
2233;322;307;
2234;322;307;
2235;322;307;
2236;322;307;
2237;322;307;
2238;322;307;
2239;322;307;
2240;322;307;
2241;322;307;
2242;322;307;
2243;322;307;
2244;322;307;
2245;322;307;
2246;322;307;
2247;322;307;
2248;322;307;
2249;322;307;
2250;322;307;
2251;322;307;
2252;322;307;
2253;322;307;
2254;322;307;
2255;322;307;
2256;322;307;
2257;322;307;
2258;322;307;
2259;322;312;
2260;322;307;
2261;322;307;
2262;322;307;
2263;322;307;
2264;322;307;
2265;322;307;
2266;322;307;
2267;322;307;
2268;322;307;
2269;322;307;
2270;322;307;
2271;322;307;
2272;322;307;
2273;322;307;
2274;322;307;
2275;322;307;
2276;322;307;
2277;322;307;
2278;322;307;
2279;322;307;
2280;322;307;
2281;322;307;
2282;322;307;
2283;322;307;
2284;322;307;
2285;322;307;
2286;322;307;
2287;322;307;
2288;322;307;
2289;322;307;
2290;322;307;
2291;322;307;
2292;322;307;
2293;322;307;
2294;322;307;
2295;322;307;
2296;322;307;
2297;322;307;
2298;322;307;
2299;322;307;
2300;322;307;
2301;322;307;
2302;322;308;
2303;322;308;
2304;322;308;
2305;322;308;
2306;322;308;
2307;322;308;
2308;322;308;
2309;322;308;
2310;322;307;
2311;322;307;
2312;322;307;
2313;322;307;
2314;322;307;
2315;322;307;
2316;322;307;
2317;322;307;
2318;322;307;
2319;322;307;
2320;322;307;
2321;322;307;
2322;322;307;
2323;322;307;
2324;322;307;
2325;322;307;
2326;322;307;
2327;322;307;
2328;322;307;
2329;322;307;
2330;322;307;
2331;322;307;
2332;322;307;
2333;322;307;
2334;322;307;
2335;322;307;
2336;322;307;
2337;322;307;
2338;322;307;
2339;322;307;
2340;322;307;
2341;322;307;
2342;322;307;
2343;322;307;
2344;322;307;
2345;322;307;
2346;322;307;
2347;322;307;
2348;322;307;
2349;322;307;
2350;322;307;
2351;322;307;
2352;322;307;
2353;322;307;
2354;322;307;
2355;322;307;
2356;322;322;
2357;322;322;
2358;322;322;
2359;322;322;
2360;322;322;
2361;322;307;
2362;322;307;
2363;322;307;
2364;322;307;
2365;322;308;
2366;322;308;
2367;322;307;
2368;322;307;
2369;322;307;
2370;322;307;
2371;322;307;
2372;322;307;
2373;322;307;
2374;322;307;
2375;322;307;
2376;322;307;
2377;322;307;
2378;322;307;
2379;322;307;
2380;322;307;
2381;322;307;
2382;322;307;
2383;322;307;
2384;322;307;
2385;322;307;
2386;322;307;
2387;322;307;
2388;322;307;
2389;322;307;
2390;322;307;
2391;322;307;
2392;322;307;
2393;322;307;
2394;322;307;
2395;322;307;
2396;322;307;
2397;322;307;
2398;322;307;
2399;322;307;
2400;322;307;
2401;322;307;
2402;322;307;
2403;322;307;
2404;322;307;
2405;322;307;
2406;322;307;
2407;322;307;
2408;322;307;
2409;322;307;
2410;322;307;
2411;322;307;
2412;322;307;
2413;322;307;
2414;322;307;
2415;322;307;
2416;322;307;
2417;322;307;
2418;322;307;
2419;322;307;
2420;322;307;
2421;322;307;
2422;322;307;
2423;322;307;
2424;322;307;
2425;322;307;
2426;322;307;
2427;322;307;
2428;322;307;
2429;322;307;
2430;322;307;
2431;322;308;
2432;322;307;
2433;322;307;
2434;322;307;
2435;322;307;
2436;322;307;
2437;322;307;
2438;322;307;
2439;322;307;
2440;322;307;
2441;322;307;
2442;322;307;
2443;322;307;
2444;322;307;
2445;322;307;
2446;322;312;
2447;322;312;
2448;322;312;
2449;322;312;
2450;322;312;
2451;322;312;
2452;322;312;
2453;322;312;
2454;322;312;
2455;322;312;
2456;322;312;
2457;322;307;
2458;322;307;
2459;322;307;
2460;322;307;
2461;322;307;
2462;322;307;
2463;322;307;
2464;322;307;
2465;322;307;
2466;322;307;
2467;322;307;
2468;322;307;
2469;322;307;
2470;322;307;
2471;322;307;
2472;322;307;
2473;322;307;
2474;322;307;
2475;322;307;
2476;322;307;
2477;322;307;
2478;322;307;
2479;322;307;
2480;322;307;
2481;322;307;
2482;322;307;
2483;322;307;
2484;322;307;
2485;322;307;
2486;322;307;
2487;322;307;
2488;322;307;
2489;322;307;
2490;322;307;
2491;322;307;
2492;322;307;
2493;322;307;
2494;322;307;
2495;322;307;
2496;322;307;
2497;322;307;
2498;322;307;
2499;322;307;
2500;322;307;
2501;322;307;
2502;322;307;
2503;322;307;
2504;322;307;
2505;322;307;
2506;322;307;
2507;322;307;
2508;322;307;
2509;322;307;
2510;322;307;
2511;322;307;
2512;322;307;
2513;322;307;
2514;322;307;
2515;322;307;
2516;322;307;
2517;322;307;
2518;322;307;
2519;322;307;
2520;322;307;
2521;322;307;
2522;322;307;
2523;322;307;
2524;322;307;
2525;322;322;
2526;322;307;
2527;322;307;
2528;322;307;
2529;322;307;
2530;322;307;
2531;322;307;
2532;322;307;
2533;322;307;
2534;322;307;
2535;322;307;
2536;322;307;
2537;322;307;
2538;322;307;
2539;322;307;
2540;322;307;
2541;322;307;
2542;322;307;
2543;322;307;
2544;322;307;
2545;322;307;
2546;322;307;
2547;322;307;
2548;322;307;
2549;322;307;
2550;322;307;
2551;322;307;
2552;322;307;
2553;322;307;
2554;322;307;
2555;322;307;
2556;322;307;
2557;322;307;
2558;322;307;
2559;322;307;
2560;322;307;
2561;322;307;
2562;322;307;
2563;322;307;
2564;322;307;
2565;322;307;
2566;322;307;
2567;322;307;
2568;322;307;
2569;322;307;
2570;322;307;
2571;322;307;
2572;322;307;
2573;322;307;
2574;322;307;
2575;322;307;
2576;322;307;
2577;322;307;
2578;322;307;
2579;322;308;
2580;322;308;
2581;322;308;
2582;322;308;
2583;322;307;
2584;322;307;
2585;322;307;
2586;322;307;
2587;322;307;
2588;322;307;
2589;322;307;
2590;322;307;
2591;322;307;
2592;322;307;
2593;322;307;
2594;322;307;
2595;322;307;
2596;322;307;
2597;322;307;
2598;322;307;
2599;322;307;
2600;322;307;
2601;322;307;
2602;322;307;
2603;322;307;
2604;322;307;
2605;322;307;
2606;322;307;
2607;322;307;
2608;322;307;
2609;322;307;
2610;322;307;
2611;322;307;
2612;322;307;
2613;322;307;
2614;322;307;
2615;322;307;
2616;322;307;
2617;322;307;
2618;322;307;
2619;322;307;
2620;322;307;
2621;322;307;
2622;322;307;
2623;322;307;
2624;322;307;
2625;322;307;
2626;322;307;
2627;322;307;
2628;322;307;
2629;322;307;
2630;322;307;
2631;322;307;
2632;322;307;
2633;322;307;
2634;322;307;
2635;322;307;
2636;322;307;
2637;322;307;
2638;322;307;
2639;322;307;
2640;322;307;
2641;322;307;
2642;322;307;
2643;322;307;
2644;322;307;
2645;322;307;
2646;322;307;
2647;322;307;
2648;322;307;
2649;322;308;
2650;322;308;
2651;322;308;
2652;322;308;
2653;322;308;
2654;322;308;
2655;322;308;
2656;322;308;
2657;322;308;
2658;322;308;
2659;322;308;
2660;322;308;
2661;322;308;
2662;322;308;
2663;322;308;
2664;322;308;
2665;322;308;
2666;322;308;
2667;322;308;
2668;322;308;
2669;322;308;
2670;322;308;
2671;322;308;
2672;322;308;
2673;322;307;
2674;322;307;
2675;322;307;
2676;322;307;
2677;322;307;
2678;322;307;
2679;322;307;
2680;322;307;
2681;322;312;
2682;322;307;
2683;322;307;
2684;322;307;
2685;322;307;
2686;322;307;
2687;322;307;
2688;322;307;
2689;322;307;
2690;322;307;
2691;322;307;
2692;322;307;
2693;322;307;
2694;322;307;
2695;322;307;
2696;322;307;
2697;322;307;
2698;322;307;
2699;322;307;
2700;322;307;
2701;322;307;
2702;322;307;
2703;322;307;
2704;322;307;
2705;322;307;
2706;322;307;
2707;322;307;
2708;322;307;
2709;322;307;
2710;322;322;
2711;322;307;
2712;322;307;
2713;322;307;
2714;322;307;
2715;322;307;
2716;322;307;
2717;322;307;
2718;322;307;
2719;322;307;
2720;322;307;
2721;322;307;
2722;322;307;
2723;322;307;
2724;322;307;
2725;322;307;
2726;322;307;
2727;322;308;
2728;322;308;
2729;322;308;
2730;322;307;
2731;322;307;
2732;322;307;
2733;322;307;
2734;322;307;
2735;322;307;
2736;322;307;
2737;322;307;
2738;322;307;
2739;322;307;
2740;322;307;
2741;322;307;
2742;322;307;
2743;322;307;
2744;322;307;
2745;322;307;
2746;322;307;
2747;322;307;
2748;322;307;
2749;322;307;
2750;322;307;
2751;322;307;
2752;322;307;
2753;322;307;
2754;322;307;
2755;322;307;
2756;322;322;
2757;322;307;
2758;322;307;
2759;322;307;
2760;322;307;
2761;322;307;
2762;322;307;
2763;322;307;
2764;322;307;
2765;322;307;
2766;322;307;
2767;322;307;
2768;322;308;
2769;322;308;
2770;322;308;
2771;322;307;
2772;322;307;
2773;322;307;
2774;322;308;
2775;322;308;
2776;322;308;
2777;322;308;
2778;322;308;
2779;322;307;
2780;322;307;
2781;322;307;
2782;322;307;
2783;322;307;
2784;322;307;
2785;322;307;
2786;322;307;
2787;322;307;
2788;322;307;
2789;322;307;
2790;322;307;
2791;322;307;
2792;322;307;
2793;322;307;
2794;322;307;
2795;322;307;
2796;322;307;
2797;322;307;
2798;322;307;
2799;322;307;
2800;322;307;
2801;322;307;
2802;322;317;
2803;322;307;
2804;322;307;
2805;322;307;
2806;322;307;
2807;322;307;
2808;322;307;
2809;322;307;
2810;322;307;
2811;322;307;
2812;322;307;
2813;322;307;
2814;322;307;
2815;322;307;
2816;322;307;
2817;322;307;
2818;322;307;
2819;322;307;
2820;322;307;
2821;322;307;
2822;322;307;
2823;322;307;
2824;322;307;
2825;322;307;
2826;322;307;
2827;322;307;
2828;322;307;
2829;322;307;
2830;322;307;
2831;322;307;
2832;322;307;
2833;322;307;
2834;322;307;
2835;322;307;
2836;322;307;
2837;322;307;
2838;322;307;
2839;322;307;
2840;322;307;
2841;322;307;
2842;322;307;
2843;322;307;
2844;322;307;
2845;322;307;
2846;322;307;
2847;322;307;
2848;322;307;
2849;322;307;
2850;322;307;
2851;322;307;
2852;322;307;
2853;322;307;
2854;322;307;
2855;322;307;
2856;322;307;
2857;322;307;
2858;322;307;
2859;322;307;
2860;322;307;
2861;322;307;
2862;322;307;
2863;322;307;
2864;322;307;
2865;322;307;
2866;322;307;
2867;322;307;
2868;322;307;
2869;322;307;
2870;322;307;
2871;322;307;
2872;322;307;
2873;322;307;
2874;322;307;
2875;322;307;
2876;322;307;
2877;322;307;
2878;322;307;
2879;322;307;
2880;322;307;
2881;322;307;
2882;322;307;
2883;322;307;
2884;322;307;
2885;322;307;
2886;322;307;
2887;322;307;
2888;322;307;
2889;322;307;
2890;322;307;
2891;322;307;
2892;322;307;
2893;322;307;
2894;322;307;
2895;322;307;
2896;322;307;
2897;322;307;
2898;322;307;
2899;322;307;
2900;322;307;
2901;322;307;
2902;322;307;
2903;322;307;
2904;322;307;
2905;322;307;
2906;322;307;
2907;322;307;
2908;322;307;
2909;322;307;
2910;322;307;
2911;322;307;
2912;322;307;
2913;322;307;
2914;322;307;
2915;322;307;
2916;322;307;
2917;322;307;
2918;322;307;
2919;322;307;
2920;322;307;
2921;322;307;
2922;322;307;
2923;322;307;
2924;322;307;
2925;322;307;
2926;322;307;
2927;322;307;
2928;322;307;
2929;322;307;
2930;322;307;
2931;322;307;
2932;322;307;
2933;322;307;
2934;322;307;
2935;322;307;
2936;322;307;
2937;322;307;
2938;322;307;
2939;322;307;
2940;322;307;
2941;322;307;
2942;322;307;
2943;322;307;
2944;322;307;
2945;322;307;
2946;322;307;
2947;322;307;
2948;322;307;
2949;322;307;
2950;322;307;
2951;322;307;
2952;322;307;
2953;322;307;
2954;322;307;
2955;322;307;
2956;322;317;
2957;322;317;
2958;322;307;
2959;322;307;
2960;322;307;
2961;322;307;
2962;322;307;
2963;322;307;
2964;322;307;
2965;322;307;
2966;322;307;
2967;322;307;
2968;322;307;
2969;322;307;
2970;322;307;
2971;322;307;
2972;322;307;
2973;322;307;
2974;322;307;
2975;322;307;
2976;322;307;
2977;322;307;
2978;322;307;
2979;322;307;
2980;322;307;
2981;322;307;
2982;322;307;
2983;322;307;
2984;322;307;
2985;322;307;
2986;322;307;
2987;322;307;
2988;322;307;
2989;322;307;
2990;322;307;
2991;322;307;
2992;322;307;
2993;322;307;
2994;322;307;
2995;322;307;
2996;322;307;
2997;322;307;
2998;322;307;
2999;322;307;
3000;322;307;
3001;322;307;
3002;322;314;
3003;322;307;
3004;322;307;
3005;322;307;
3006;322;307;
3007;322;307;
3008;322;307;
3009;322;307;
3010;322;307;
3011;322;307;
3012;322;307;
3013;322;307;
3014;322;307;
3015;322;307;
3016;322;307;
3017;322;307;
3018;322;307;
3019;322;307;
3020;322;307;
3021;322;307;
3022;322;307;
3023;322;307;
3024;322;307;
3025;322;308;
3026;322;308;
3027;322;307;
3028;322;307;
3029;322;307;
3030;322;307;
3031;322;307;
3032;322;307;
3033;322;307;
3034;322;307;
3035;322;307;
3036;322;307;
3037;322;307;
3038;322;307;
3039;322;307;
3040;322;307;
3041;322;307;
3042;322;307;
3043;322;307;
3044;322;307;
3045;322;307;
3046;322;307;
3047;322;307;
3048;322;307;
3049;322;307;
3050;322;307;
3051;322;307;
3052;322;307;
3053;322;307;
3054;322;307;
3055;322;307;
3056;322;307;
3057;322;314;
3058;322;307;
3059;322;307;
3060;322;307;
3061;322;307;
3062;322;307;
3063;322;307;
3064;322;307;
3065;322;307;
3066;322;307;
3067;322;307;
3068;322;307;
3069;322;307;
3070;322;307;
3071;322;307;
3072;322;307;
3073;322;307;
3074;322;307;
3075;322;307;
3076;322;307;
3077;322;307;
3078;322;307;
3079;322;307;
3080;322;307;
3081;322;307;
3082;322;307;
3083;322;307;
3084;322;307;
3085;322;307;
3086;322;307;
3087;322;307;
3088;322;314;
3089;322;314;
3090;322;314;
3091;322;314;
3092;322;314;
3093;322;314;
3094;322;314;
3095;322;307;
3096;322;307;
3097;322;307;
3098;322;307;
3099;322;307;
3100;322;307;
3101;322;307;
3102;322;307;
3103;322;307;
3104;322;307;
3105;322;307;
3106;322;307;
3107;322;307;
3108;322;307;
3109;322;307;
3110;322;307;
3111;322;307;
3112;322;307;
3113;322;307;
3114;322;307;
3115;322;307;
3116;322;307;
3117;322;307;
3118;322;307;
3119;322;307;
3120;322;307;
3121;322;307;
3122;322;307;
3123;322;307;
3124;322;307;
3125;322;307;
3126;322;307;
3127;322;307;
3128;322;307;
3129;322;307;
3130;322;307;
3131;322;307;
3132;322;307;
3133;322;307;
3134;322;307;
3135;322;307;
3136;322;307;
3137;322;307;
3138;322;307;
3139;322;307;
3140;322;307;
3141;322;307;
3142;322;307;
3143;322;307;
3144;322;307;
3145;322;307;
3146;322;307;
3147;322;307;
3148;322;307;
3149;322;307;
3150;322;307;
3151;322;307;
3152;322;307;
3153;322;307;
3154;322;307;
3155;322;307;
3156;322;307;
3157;322;307;
3158;322;307;
3159;322;307;
3160;322;307;
3161;322;307;
3162;322;307;
3163;322;307;
3164;322;307;
3165;322;307;
3166;322;307;
3167;322;307;
3168;322;307;
3169;322;307;
3170;322;307;
3171;322;307;
3172;322;307;
3173;322;307;
3174;322;307;
3175;322;307;
3176;322;307;
3177;322;307;
3178;322;307;
3179;322;307;
3180;322;307;
3181;322;307;
3182;322;307;
3183;322;307;
3184;322;307;
3185;322;307;
3186;322;307;
3187;322;307;
3188;322;307;
3189;322;307;
3190;322;307;
3191;322;307;
3192;322;307;
3193;322;307;
3194;322;307;
3195;322;307;
3196;322;307;
3197;322;307;
3198;322;307;
3199;322;307;
3200;322;307;
3201;322;307;
3202;322;307;
3203;322;307;
3204;322;307;
3205;322;307;
3206;322;307;
3207;322;307;
3208;322;307;
3209;322;307;
3210;322;307;
3211;322;307;
3212;322;307;
3213;322;307;
3214;322;307;
3215;322;307;
3216;322;307;
3217;322;307;
3218;322;307;
3219;322;307;
3220;322;307;
3221;322;307;
3222;322;307;
3223;322;307;
3224;322;307;
3225;322;307;
3226;322;307;
3227;322;307;
3228;322;307;
3229;322;307;
3230;322;307;
3231;322;307;
3232;322;307;
3233;322;307;
3234;322;307;
3235;322;307;
3236;322;307;
3237;322;307;
3238;322;307;
3239;322;307;
3240;322;307;
3241;322;307;
3242;322;307;
3243;322;307;
3244;322;307;
3245;322;307;
3246;322;307;
3247;322;307;
3248;322;307;
3249;322;307;
3250;322;307;
3251;322;307;
3252;322;307;
3253;322;307;
3254;322;307;
3255;322;307;
3256;322;307;
3257;322;307;
3258;322;307;
3259;322;307;
3260;322;307;
3261;322;307;
3262;322;307;
3263;322;307;
3264;322;307;
3265;322;307;
3266;322;307;
3267;322;307;
3268;322;307;
3269;322;307;
3270;322;307;
3271;322;307;
3272;322;307;
3273;322;307;
3274;322;307;
3275;322;307;
3276;322;307;
3277;322;307;
3278;322;307;
3279;322;307;
3280;322;307;
3281;322;307;
3282;322;307;
3283;322;307;
3284;322;307;
3285;322;307;
3286;322;307;
3287;322;307;
3288;322;307;
3289;322;307;
3290;322;307;
3291;322;307;
3292;322;307;
3293;322;307;
3294;322;307;
3295;322;307;
3296;322;307;
3297;322;307;
3298;322;307;
3299;322;307;
3300;322;307;
3301;322;307;
3302;322;307;
3303;322;307;
3304;322;307;
3305;322;307;
3306;322;307;
3307;322;307;
3308;322;307;
3309;322;307;
3310;322;307;
3311;322;307;
3312;322;307;
3313;322;307;
3314;322;307;
3315;322;307;
3316;322;307;
3317;322;307;
3318;322;307;
3319;322;307;
3320;322;307;
3321;322;307;
3322;322;307;
3323;322;307;
3324;322;307;
3325;322;307;
3326;322;307;
3327;322;307;
3328;322;307;
3329;322;307;
3330;322;307;
3331;322;308;
3332;322;308;
3333;322;307;
3334;322;307;
3335;322;307;
3336;322;307;
3337;322;307;
3338;322;307;
3339;322;307;
3340;322;307;
3341;322;307;
3342;322;307;
3343;322;307;
3344;322;307;
3345;322;307;
3346;322;307;
3347;322;307;
3348;322;307;
3349;322;307;
3350;322;307;
3351;322;307;
3352;322;307;
3353;322;307;
3354;322;307;
3355;322;307;
3356;322;307;
3357;322;307;
3358;322;307;
3359;322;307;
3360;322;307;
3361;322;307;
3362;322;307;
3363;322;307;
3364;322;308;
3365;322;307;
3366;322;307;
3367;322;307;
3368;322;307;
3369;322;307;
3370;322;307;
3371;322;307;
3372;322;307;
3373;322;307;
3374;322;307;
3375;322;307;
3376;322;307;
3377;322;307;
3378;322;307;
3379;322;307;
3380;322;307;
3381;322;307;
3382;322;307;
3383;322;307;
3384;322;307;
3385;322;307;
3386;322;307;
3387;322;307;
3388;322;307;
3389;322;307;
3390;322;307;
3391;322;307;
3392;322;307;
3393;322;307;
3394;322;307;
3395;322;307;
3396;322;307;
3397;322;307;
3398;322;307;
3399;322;307;
3400;322;307;
3401;322;307;
3402;322;307;
3403;322;307;
3404;322;307;
3405;322;307;
3406;322;307;
3407;322;307;
3408;322;307;
3409;322;307;
3410;322;307;
3411;322;307;
3412;322;307;
3413;322;307;
3414;322;307;
3415;322;307;
3416;322;307;
3417;322;307;
3418;322;307;
3419;322;307;
3420;322;308;
3421;322;307;
3422;322;307;
3423;322;307;
3424;322;307;
3425;322;307;
3426;322;307;
3427;322;307;
3428;322;307;
3429;322;307;
3430;322;307;
3431;322;307;
3432;322;307;
3433;322;307;
3434;322;307;
3435;322;307;
3436;322;307;
3437;322;307;
3438;322;307;
3439;322;307;
3440;322;307;
3441;322;307;
3442;322;307;
3443;322;307;
3444;322;307;
3445;322;307;
3446;322;307;
3447;322;307;
3448;322;307;
3449;322;307;
3450;322;307;
3451;322;307;
3452;322;307;
3453;322;307;
3454;322;307;
3455;322;307;
3456;322;307;
3457;322;307;
3458;322;307;
3459;322;307;
3460;322;307;
3461;322;307;
3462;322;307;
3463;322;307;
3464;322;307;
3465;322;307;
3466;322;307;
3467;322;307;
3468;322;307;
3469;322;307;
3470;322;307;
3471;322;307;
3472;322;307;
3473;322;307;
3474;322;307;
3475;322;307;
3476;322;307;
3477;322;307;
3478;322;307;
3479;322;307;
3480;322;307;
3481;322;307;
3482;322;307;
3483;322;307;
3484;322;307;
3485;322;307;
3486;322;307;
3487;322;307;
3488;322;307;
3489;322;307;
3490;322;307;
3491;322;308;
3492;322;308;
3493;322;308;
3494;322;308;
3495;322;308;
3496;322;308;
3497;322;308;
3498;322;307;
3499;322;307;
3500;322;307;
3501;322;307;
3502;322;307;
3503;322;307;
3504;322;307;
3505;322;307;
3506;322;307;
3507;322;307;
3508;322;307;
3509;322;307;
3510;322;307;
3511;322;307;
3512;322;307;
3513;322;307;
3514;322;307;
3515;322;307;
3516;322;307;
3517;322;307;
3518;322;307;
3519;322;307;
3520;322;307;
3521;322;307;
3522;322;307;
3523;322;307;
3524;322;307;
3525;322;307;
3526;322;307;
3527;322;307;
3528;322;307;
3529;322;307;
3530;322;307;
3531;322;307;
3532;322;307;
3533;322;307;
3534;322;307;
3535;322;307;
3536;322;307;
3537;322;307;
3538;322;307;
3539;322;307;
3540;322;307;
3541;322;307;
3542;322;307;
3543;322;307;
3544;322;307;
3545;322;307;
3546;322;307;
3547;322;307;
3548;322;307;
3549;322;307;
3550;322;307;
3551;322;317;
3552;322;317;
3553;322;317;
3554;322;307;
3555;322;307;
3556;322;307;
3557;322;307;
3558;322;307;
3559;322;307;
3560;322;307;
3561;322;307;
3562;322;307;
3563;322;307;
3564;322;307;
3565;322;307;
3566;322;307;
3567;322;307;
3568;322;307;
3569;322;307;
3570;322;307;
3571;322;307;
3572;322;307;
3573;322;307;
3574;322;307;
3575;322;307;
3576;322;307;
3577;322;307;
3578;322;317;
3579;322;317;
3580;322;317;
3581;322;307;
3582;322;307;
3583;322;307;
3584;322;307;
3585;322;307;
3586;322;307;
3587;322;307;
3588;322;307;
3589;322;307;
3590;322;307;
3591;322;307;
3592;322;317;
3593;322;317;
3594;322;317;
3595;322;307;
3596;322;307;
3597;322;307;
3598;322;307;
3599;322;307;
3600;322;308;
3601;322;308;
3602;322;308;
3603;322;308;
3604;322;307;
3605;322;307;
3606;322;307;
3607;322;307;
3608;322;307;
3609;322;307;
3610;322;307;
3611;322;307;
3612;322;307;
3613;322;307;
3614;322;307;
3615;322;307;
3616;322;307;
3617;322;307;
3618;322;307;
3619;322;307;
3620;322;307;
3621;322;307;
3622;322;307;
3623;322;307;
3624;322;307;
3625;322;307;
3626;322;307;
3627;322;307;
3628;322;307;
3629;322;307;
3630;322;307;
3631;322;307;
3632;322;317;
3633;322;307;
3634;322;307;
3635;322;307;
3636;322;307;
3637;322;307;
3638;322;307;
3639;322;307;
3640;322;307;
3641;322;307;
3642;322;307;
3643;322;307;
3644;322;307;
3645;322;307;
3646;322;307;
3647;322;307;
3648;322;307;
3649;322;307;
3650;322;307;
3651;322;307;
3652;322;307;
3653;322;307;
3654;322;307;
3655;322;307;
3656;322;307;
3657;322;307;
3658;322;307;
3659;322;307;
3660;322;307;
3661;322;307;
3662;322;307;
3663;322;307;
3664;322;307;
3665;322;307;
3666;322;307;
3667;322;307;
3668;322;307;
3669;322;307;
3670;322;307;
3671;322;307;
3672;322;307;
3673;322;307;
3674;322;307;
3675;322;307;
3676;322;307;
3677;322;314;
3678;322;314;
3679;322;314;
3680;322;314;
3681;322;314;
3682;322;314;
3683;322;314;
3684;322;314;
3685;322;314;
3686;322;314;
3687;322;314;
3688;322;314;
3689;322;314;
3690;322;314;
3691;322;314;
3692;322;314;
3693;322;314;
3694;322;314;
3695;322;314;
3696;322;314;
3697;322;314;
3698;322;314;
3699;322;314;
3700;322;314;
3701;322;314;
3702;322;314;
3703;322;314;
3704;322;314;
3705;322;314;
3706;322;314;
3707;322;314;
3708;322;314;
3709;322;314;
3710;322;314;
3711;322;314;
3712;322;314;
3713;322;314;
3714;322;314;
3715;322;314;
3716;322;314;
3717;322;314;
3718;322;314;
3719;322;314;
3720;322;314;
3721;322;314;
3722;322;314;
3723;322;314;
3724;322;314;
3725;322;314;
3726;322;314;
3727;322;307;
3728;322;307;
3729;322;307;
3730;322;307;
3731;322;307;
3732;322;307;
3733;322;308;
3734;322;308;
3735;322;307;
3736;322;307;
3737;322;314;
3738;322;307;
3739;322;314;
3740;322;307;
3741;322;307;
3742;322;307;
3743;322;307;
3744;322;307;
3745;322;307;
3746;322;307;
3747;322;307;
3748;322;307;
3749;322;307;
3750;322;307;
3751;322;307;
3752;322;307;
3753;322;307;
3754;322;307;
3755;322;307;
3756;322;307;
3757;322;307;
3758;322;307;
3759;322;307;
3760;322;307;
3761;322;307;
3762;322;307;
3763;322;307;
3764;322;307;
3765;322;307;
3766;322;307;
3767;322;307;
3768;322;307;
3769;322;307;
3770;322;307;
3771;322;307;
3772;322;307;
3773;322;307;
3774;322;307;
3775;322;307;
3776;322;307;
3777;322;307;
3778;322;307;
3779;322;307;
3780;322;307;
3781;322;307;
3782;322;307;
3783;322;307;
3784;322;307;
3785;322;307;
3786;322;307;
3787;322;307;
3788;322;307;
3789;322;307;
3790;322;307;
3791;322;307;
3792;322;307;
3793;322;307;
3794;322;307;
3795;322;307;
3796;322;307;
3797;322;307;
3798;322;307;
3799;322;307;
3800;322;307;
3801;322;307;
3802;322;307;
3803;322;307;
3804;322;307;
3805;322;307;
3806;322;307;
3807;322;307;
3808;322;307;
3809;322;307;
3810;322;307;
3811;322;307;
3812;322;307;
3813;322;314;
3814;322;307;
3815;322;307;
3816;322;307;
3817;322;307;
3818;322;307;
3819;322;307;
3820;322;307;
3821;322;307;
3822;322;307;
3823;322;307;
3824;322;307;
3825;322;307;
3826;322;307;
3827;322;307;
3828;322;307;
3829;322;307;
3830;322;307;
3831;322;307;
3832;322;307;
3833;322;307;
3834;322;307;
3835;322;307;
3836;322;307;
3837;322;307;
3838;322;307;
3839;322;307;
3840;322;307;
3841;322;307;
3842;322;307;
3843;322;307;
3844;322;307;
3845;322;307;
3846;322;307;
3847;322;307;
3848;322;307;
3849;322;307;
3850;322;307;
3851;322;307;
3852;322;307;
3853;322;307;
3854;322;307;
3855;322;307;
3856;322;307;
3857;322;307;
3858;322;307;
3859;322;307;
3860;322;307;
3861;322;307;
3862;322;307;
3863;322;307;
3864;322;307;
3865;322;307;
3866;322;307;
3867;322;307;
3868;322;307;
3869;322;307;
3870;322;307;
3871;322;307;
3872;322;307;
3873;322;307;
3874;322;307;
3875;322;307;
3876;322;307;
3877;322;307;
3878;322;307;
3879;322;307;
3880;322;307;
3881;322;307;
3882;322;307;
3883;322;307;
3884;322;307;
3885;322;307;
3886;322;307;
3887;322;307;
3888;322;307;
3889;322;307;
3890;322;307;
3891;322;307;
3892;322;307;
3893;322;307;
3894;322;314;
3895;322;314;
3896;322;314;
3897;322;314;
3898;322;307;
3899;322;307;
3900;322;307;
3901;322;307;
3902;322;307;
3903;322;307;
3904;322;307;
3905;322;307;
3906;322;307;
3907;322;314;
3908;322;314;
3909;322;314;
3910;322;307;
3911;322;307;
3912;322;307;
3913;322;307;
3914;322;307;
3915;322;307;
3916;322;307;
3917;322;307;
3918;322;307;
3919;322;307;
3920;322;307;
3921;322;307;
3922;322;307;
3923;322;307;
3924;322;307;
3925;322;307;
3926;322;307;
3927;322;314;
3928;322;307;
3929;322;307;
3930;322;307;
3931;322;307;
3932;322;307;
3933;322;307;
3934;322;307;
3935;322;307;
3936;322;307;
3937;322;307;
3938;322;307;
3939;322;307;
3940;322;307;
3941;322;307;
3942;322;307;
3943;322;307;
3944;322;308;
3945;322;308;
3946;322;308;
3947;322;308;
3948;322;308;
3949;322;308;
3950;322;308;
3951;322;308;
3952;322;308;
3953;322;308;
3954;322;308;
3955;322;308;
3956;322;308;
3957;322;308;
3958;322;308;
3959;322;308;
3960;322;308;
3961;322;308;
3962;322;308;
3963;322;308;
3964;322;308;
3965;322;308;
3966;322;308;
3967;322;308;
3968;322;308;
3969;322;308;
3970;322;308;
3971;322;308;
3972;322;308;
3973;322;308;
3974;322;308;
3975;322;308;
3976;322;308;
3977;322;307;
3978;322;307;
3979;322;307;
3980;322;307;
3981;322;307;
3982;322;307;
3983;322;307;
3984;322;307;
3985;322;307;
3986;322;307;
3987;322;307;
3988;322;307;
3989;322;307;
3990;322;307;
3991;322;307;
3992;322;307;
3993;322;307;
3994;322;307;
3995;322;307;
3996;322;307;
3997;322;307;
3998;322;307;
3999;322;307;
4000;322;307;
4001;322;307;
4002;322;307;
4003;322;307;
4004;322;307;
4005;322;307;
4006;322;307;
4007;322;307;
4008;322;307;
4009;322;307;
4010;322;307;
4011;322;307;
4012;322;307;
4013;322;307;
4014;322;307;
4015;322;307;
4016;322;307;
4017;322;307;
4018;322;307;
4019;322;307;
4020;322;307;
4021;322;307;
4022;322;307;
4023;322;307;
4024;322;307;
4025;322;307;
4026;322;307;
4027;322;307;
4028;322;307;
4029;322;307;
4030;322;307;
4031;322;307;
4032;322;307;
4033;322;307;
4034;322;307;
4035;322;307;
4036;322;307;
4037;322;307;
4038;322;307;
4039;322;307;
4040;322;307;
4041;322;307;
4042;322;307;
4043;322;307;
4044;322;307;
4045;322;307;
4046;322;307;
4047;322;307;
4048;322;307;
4049;322;307;
4050;322;307;
4051;322;307;
4052;322;307;
4053;322;307;
4054;322;307;
4055;322;307;
4056;322;307;
4057;322;307;
4058;322;307;
4059;322;307;
4060;322;307;
4061;322;307;
4062;322;307;
4063;322;308;
4064;322;308;
4065;322;307;
4066;322;307;
4067;322;307;
4068;322;307;
4069;322;307;
4070;322;307;
4071;322;317;
4072;322;307;
4073;322;307;
4074;322;307;
4075;322;307;
4076;322;307;
4077;322;307;
4078;322;307;
4079;322;307;
4080;322;307;
4081;322;307;
4082;322;307;
4083;322;307;
4084;322;307;
4085;322;307;
4086;322;307;
4087;322;307;
4088;322;307;
4089;322;307;
4090;322;307;
4091;322;307;
4092;322;307;
4093;322;307;
4094;322;307;
4095;322;307;
4096;322;307;
4097;322;307;
4098;322;307;
4099;322;307;
4100;322;307;
4101;322;307;
4102;322;307;
4103;322;307;
4104;322;307;
4105;322;307;
4106;322;307;
4107;322;307;
4108;322;307;
4109;322;307;
4110;322;307;
4111;322;307;
4112;322;307;
4113;322;307;
4114;322;307;
4115;322;307;
4116;322;307;
4117;322;307;
4118;322;307;
4119;322;314;
4120;322;307;
4121;322;307;
4122;322;307;
4123;322;307;
4124;322;307;
4125;322;307;
4126;322;307;
4127;322;307;
4128;322;307;
4129;322;307;
4130;322;307;
4131;322;307;
4132;322;307;
4133;322;307;
4134;322;307;
4135;322;307;
4136;322;307;
4137;322;307;
4138;322;307;
4139;322;307;
4140;322;307;
4141;322;307;
4142;322;307;
4143;322;307;
4144;322;307;
4145;322;307;
4146;322;307;
4147;322;307;
4148;322;307;
4149;322;307;
4150;322;307;
4151;322;307;
4152;322;307;
4153;322;307;
4154;322;307;
4155;322;307;
4156;322;307;
4157;322;307;
4158;322;307;
4159;322;307;
4160;322;307;
4161;322;307;
4162;322;307;
4163;322;307;
4164;322;307;
4165;322;307;
4166;322;307;
4167;322;307;
4168;322;307;
4169;322;307;
4170;322;307;
4171;322;307;
4172;322;307;
4173;322;307;
4174;322;307;
4175;322;307;
4176;322;307;
4177;322;307;
4178;322;307;
4179;322;307;
4180;322;307;
4181;322;307;
4182;322;307;
4183;322;307;
4184;322;307;
4185;322;307;
4186;322;307;
4187;322;307;
4188;322;307;
4189;322;307;
4190;322;307;
4191;322;307;
4192;322;307;
4193;322;307;
4194;322;307;
4195;322;307;
4196;322;307;
4197;322;308;
4198;322;307;
4199;322;307;
4200;322;307;
4201;322;307;
4202;322;307;
4203;322;307;
4204;322;307;
4205;322;307;
4206;322;307;
4207;322;307;
4208;322;307;
4209;322;307;
4210;322;307;
4211;322;307;
4212;322;307;
4213;322;307;
4214;322;307;
4215;322;307;
4216;322;307;
4217;322;307;
4218;322;307;
4219;322;307;
4220;322;307;
4221;322;307;
4222;322;307;
4223;322;307;
4224;322;307;
4225;322;307;
4226;322;307;
4227;322;307;
4228;322;314;
4229;322;314;
4230;322;314;
4231;322;314;
4232;322;314;
4233;322;314;
4234;322;314;
4235;322;314;
4236;322;314;
4237;322;314;
4238;322;314;
4239;322;314;
4240;322;314;
4241;322;314;
4242;322;314;
4243;322;314;
4244;322;314;
4245;322;314;
4246;322;314;
4247;322;314;
4248;322;314;
4249;322;314;
4250;322;314;
4251;322;314;
4252;322;314;
4253;322;314;
4254;322;314;
4255;322;307;
4256;322;307;
4257;322;307;
4258;322;307;
4259;322;308;
4260;322;308;
4261;322;307;
4262;322;307;
4263;322;307;
4264;322;307;
4265;322;307;
4266;322;307;
4267;322;307;
4268;322;307;
4269;322;307;
4270;322;307;
4271;322;307;
4272;322;307;
4273;322;307;
4274;322;307;
4275;322;307;
4276;322;307;
4277;322;307;
4278;322;307;
4279;322;307;
4280;322;307;
4281;322;307;
4282;322;307;
4283;322;307;
4284;322;307;
4285;322;307;
4286;322;307;
4287;322;307;
4288;322;307;
4289;322;307;
4290;322;307;
4291;322;307;
4292;322;307;
4293;322;307;
4294;322;307;
4295;322;307;
4296;322;307;
4297;322;317;
4298;322;307;
4299;322;307;
4300;322;307;
4301;322;307;
4302;322;307;
4303;322;307;
4304;322;307;
4305;322;307;
4306;322;307;
4307;322;307;
4308;322;307;
4309;322;307;
4310;322;307;
4311;322;307;
4312;322;307;
4313;322;307;
4314;322;307;
4315;322;307;
4316;322;307;
4317;322;307;
4318;322;307;
4319;322;307;
4320;322;307;
4321;322;307;
4322;322;307;
4323;322;307;
4324;322;307;
4325;322;307;
4326;322;307;
4327;322;307;
4328;322;307;
4329;322;307;
4330;322;307;
4331;322;307;
4332;322;307;
4333;322;307;
4334;322;307;
4335;322;307;
4336;322;307;
4337;322;307;
4338;322;307;
4339;322;307;
4340;322;307;
4341;322;307;
4342;322;307;
4343;322;307;
4344;322;307;
4345;322;307;
4346;322;307;
4347;322;307;
4348;322;307;
4349;322;307;
4350;322;307;
4351;322;307;
4352;322;307;
4353;322;307;
4354;322;307;
4355;322;307;
4356;322;307;
4357;322;307;
4358;322;307;
4359;322;307;
4360;322;307;
4361;322;307;
4362;322;307;
4363;322;307;
4364;322;307;
4365;322;307;
4366;322;307;
4367;322;307;
4368;322;307;
4369;322;307;
4370;322;307;
4371;322;307;
4372;322;307;
4373;322;307;
4374;322;307;
4375;322;307;
4376;322;307;
4377;322;307;
4378;322;307;
4379;322;307;
4380;322;307;
4381;322;307;
4382;322;307;
4383;322;307;
4384;322;307;
4385;322;307;
4386;322;307;
4387;322;307;
4388;322;307;
4389;322;307;
4390;322;307;
4391;322;307;
4392;322;307;
4393;322;307;
4394;322;307;
4395;322;307;
4396;322;307;
4397;322;307;
4398;322;307;
4399;322;307;
4400;322;307;
4401;322;307;
4402;322;307;
4403;322;307;
4404;322;307;
4405;322;307;
4406;322;307;
4407;322;307;
4408;322;307;
4409;322;307;
4410;322;307;
4411;322;307;
4412;322;307;
4413;322;307;
4414;322;307;
4415;322;307;
4416;322;307;
4417;322;307;
4418;322;307;
4419;322;307;
4420;322;307;
4421;322;307;
4422;322;307;
4423;322;307;
4424;322;307;
4425;322;307;
4426;322;307;
4427;322;307;
4428;322;307;
4429;322;307;
4430;322;307;
4431;322;307;
4432;322;307;
4433;322;307;
4434;322;307;
4435;322;307;
4436;322;307;
4437;322;307;
4438;322;307;
4439;322;307;
4440;322;307;
4441;322;307;
4442;322;307;
4443;322;307;
4444;322;307;
4445;322;307;
4446;322;307;
4447;322;307;
4448;322;307;
4449;322;307;
4450;322;307;
4451;322;307;
4452;322;307;
4453;322;307;
4454;322;307;
4455;322;307;
4456;322;307;
4457;322;307;
4458;322;307;
4459;322;307;
4460;322;307;
4461;322;307;
4462;322;307;
4463;322;307;
4464;322;307;
4465;322;317;
4466;322;317;
4467;322;317;
4468;322;307;
4469;322;307;
4470;322;307;
4471;322;307;
4472;322;307;
4473;322;307;
4474;322;307;
4475;322;307;
4476;322;307;
4477;322;307;
4478;322;307;
4479;322;307;
4480;322;307;
4481;322;307;
4482;322;307;
4483;322;307;
4484;322;307;
4485;322;307;
4486;322;307;
4487;322;307;
4488;322;307;
4489;322;307;
4490;322;307;
4491;322;307;
4492;322;317;
4493;322;317;
4494;322;317;
4495;322;317;
4496;322;317;
4497;322;317;
4498;322;307;
4499;322;307;
4500;322;307;
4501;322;307;
4502;322;307;
4503;322;307;
4504;322;307;
4505;322;307;
4506;322;307;
4507;322;307;
4508;322;307;
4509;322;307;
4510;322;307;
4511;322;307;
4512;322;307;
4513;322;307;
4514;322;307;
4515;322;307;
4516;322;307;
4517;322;307;
4518;322;308;
4519;322;308;
4520;322;307;
4521;322;307;
4522;322;307;
4523;322;307;
4524;322;307;
4525;322;307;
4526;322;307;
4527;322;307;
4528;322;307;
4529;322;307;
4530;322;307;
4531;322;307;
4532;322;307;
4533;322;307;
4534;322;307;
4535;322;307;
4536;322;317;
4537;322;307;
4538;322;307;
4539;322;307;
4540;322;307;
4541;322;307;
4542;322;307;
4543;322;307;
4544;322;307;
4545;322;307;
4546;322;307;
4547;322;307;
4548;322;307;
4549;322;307;
4550;322;307;
4551;322;307;
4552;322;307;
4553;322;307;
4554;322;307;
4555;322;307;
4556;322;307;
4557;322;307;
4558;322;307;
4559;322;307;
4560;322;307;
4561;322;307;
4562;322;307;
4563;322;307;
4564;322;307;
4565;322;307;
4566;322;307;
4567;322;307;
4568;322;314;
4569;322;314;
4570;322;314;
4571;322;314;
4572;322;307;
4573;322;307;
4574;322;307;
4575;322;307;
4576;322;307;
4577;322;307;
4578;322;307;
4579;322;307;
4580;322;307;
4581;322;307;
4582;322;307;
4583;322;307;
4584;322;307;
4585;322;307;
4586;322;307;
4587;322;307;
4588;322;307;
4589;322;307;
4590;322;307;
4591;322;307;
4592;322;307;
4593;322;307;
4594;322;307;
4595;322;307;
4596;322;307;
4597;322;307;
4598;322;307;
4599;322;307;
4600;322;307;
4601;322;307;
4602;322;307;
4603;322;307;
4604;322;307;
4605;322;307;
4606;322;307;
4607;322;307;
4608;322;307;
4609;322;307;
4610;322;307;
4611;322;307;
4612;322;307;
4613;322;308;
4614;322;308;
4615;322;308;
4616;322;308;
4617;322;308;
4618;322;307;
4619;322;307;
4620;322;307;
4621;322;307;
4622;322;307;
4623;322;307;
4624;322;307;
4625;322;307;
4626;322;307;
4627;322;307;
4628;322;307;
4629;322;307;
4630;322;307;
4631;322;317;
4632;322;317;
4633;322;317;
4634;322;317;
4635;322;307;
4636;322;307;
4637;322;307;
4638;322;307;
4639;322;307;
4640;322;307;
4641;322;307;
4642;322;307;
4643;322;307;
4644;322;307;
4645;322;307;
4646;322;307;
4647;322;307;
4648;322;307;
4649;322;307;
4650;322;307;
4651;322;307;
4652;322;307;
4653;322;307;
4654;322;307;
4655;322;307;
4656;322;307;
4657;322;307;
4658;322;307;
4659;322;307;
4660;322;307;
4661;322;307;
4662;322;307;
4663;322;307;
4664;322;307;
4665;322;307;
4666;322;307;
4667;322;307;
4668;322;307;
4669;322;307;
4670;322;307;
4671;322;307;
4672;322;307;
4673;322;307;
4674;322;307;
4675;322;307;
4676;322;307;
4677;322;307;
4678;322;307;
4679;322;307;
4680;322;307;
4681;322;307;
4682;322;307;
4683;322;307;
4684;322;307;
4685;322;307;
4686;322;307;
4687;322;307;
4688;322;308;
4689;322;307;
4690;322;307;
4691;322;307;
4692;322;307;
4693;322;307;
4694;322;307;
4695;322;307;
4696;322;307;
4697;322;307;
4698;322;307;
4699;322;307;
4700;322;307;
4701;322;307;
4702;322;307;
4703;322;317;
4704;322;307;
4705;322;307;
4706;322;307;
4707;322;307;
4708;322;307;
4709;322;307;
4710;322;307;
4711;322;307;
4712;322;307;
4713;322;307;
4714;322;307;
4715;322;307;
4716;322;307;
4717;322;307;
4718;322;307;
4719;322;307;
4720;322;307;
4721;322;307;
4722;322;307;
4723;322;307;
4724;322;307;
4725;322;307;
4726;322;307;
4727;322;307;
4728;322;307;
4729;322;307;
4730;322;307;
4731;322;307;
4732;322;307;
4733;322;307;
4734;322;307;
4735;322;307;
4736;322;307;
4737;322;307;
4738;322;307;
4739;322;307;
4740;322;307;
4741;322;307;
4742;322;307;
4743;322;307;
4744;322;307;
4745;322;307;
4746;322;307;
4747;322;307;
4748;322;307;
4749;322;307;
4750;322;307;
4751;322;307;
4752;322;307;
4753;322;307;
4754;322;307;
4755;322;307;
4756;322;307;
4757;322;307;
4758;322;307;
4759;322;307;
4760;322;307;
4761;322;307;
4762;322;307;
4763;322;307;
4764;322;307;
4765;322;307;
4766;322;307;
4767;322;307;
4768;322;307;
4769;322;307;
4770;322;307;
4771;322;307;
4772;322;307;
4773;322;307;
4774;322;307;
4775;322;307;
4776;322;307;
4777;322;307;
4778;322;307;
4779;322;307;
4780;322;307;
4781;322;307;
4782;322;307;
4783;322;307;
4784;322;307;
4785;322;307;
4786;322;307;
4787;322;307;
4788;322;307;
4789;322;307;
4790;322;307;
4791;322;307;
4792;322;307;
4793;322;307;
4794;322;307;
4795;322;307;
4796;322;307;
4797;322;307;
4798;322;307;
4799;322;307;
4800;322;307;
4801;322;307;
4802;322;307;
4803;322;307;
4804;322;308;
4805;322;308;
4806;322;308;
4807;322;308;
4808;322;308;
4809;322;307;
4810;322;307;
4811;322;307;
4812;322;307;
4813;322;307;
4814;322;307;
4815;322;307;
4816;322;307;
4817;322;307;
4818;322;307;
4819;322;307;
4820;322;307;
4821;322;317;
4822;322;307;
4823;322;307;
4824;322;307;
4825;322;307;
4826;322;307;
4827;322;307;
4828;322;307;
4829;322;307;
4830;322;307;
4831;322;307;
4832;322;307;
4833;322;307;
4834;322;307;
4835;322;307;
4836;322;307;
4837;322;307;
4838;322;307;
4839;322;307;
4840;322;307;
4841;322;307;
4842;322;317;
4843;322;307;
4844;322;307;
4845;322;308;
4846;322;308;
4847;322;308;
4848;322;307;
4849;322;307;
4850;322;314;
4851;322;307;
4852;322;307;
4853;322;307;
4854;322;307;
4855;322;307;
4856;322;307;
4857;322;307;
4858;322;307;
4859;322;307;
4860;322;307;
4861;322;307;
4862;322;314;
4863;322;314;
4864;322;314;
4865;322;314;
4866;322;314;
4867;322;314;
4868;322;314;
4869;322;314;
4870;322;314;
4871;322;314;
4872;322;314;
4873;322;314;
4874;322;314;
4875;322;314;
4876;322;314;
4877;322;314;
4878;322;314;
4879;322;314;
4880;322;314;
4881;322;314;
4882;322;314;
4883;322;314;
4884;322;314;
4885;322;314;
4886;322;314;
4887;322;314;
4888;322;314;
4889;322;314;
4890;322;314;
4891;322;314;
4892;322;314;
4893;322;314;
4894;322;314;
4895;322;314;
4896;322;314;
4897;322;314;
4898;322;314;
4899;322;314;
4900;322;314;
4901;322;314;
4902;322;314;
4903;322;314;
4904;324;324;
4905;324;324;
4906;324;324;
4907;324;314;
4908;324;314;
4909;324;314;
4910;324;314;
4911;324;314;
4912;324;314;
4913;324;314;
4914;324;314;
4915;324;314;
4916;324;314;
4917;324;314;
4918;324;314;
4919;324;314;
4920;324;314;
4921;324;314;
4922;324;314;
4923;324;314;
4924;324;314;
4925;324;314;
4926;324;314;
4927;324;314;
4928;324;314;
4929;324;314;
4930;324;314;
4931;324;314;
4932;324;314;
4933;324;314;
4934;324;314;
4935;324;314;
4936;324;314;
4937;324;314;
4938;324;314;
4939;324;314;
4940;324;314;
4941;324;314;
4942;324;314;
4943;324;314;
4944;324;314;
4945;324;314;
4946;324;314;
4947;324;314;
4948;324;314;
4949;324;314;
4950;324;314;
4951;324;314;
4952;324;314;
4953;324;314;
4954;324;314;
4955;324;314;
4956;324;314;
4957;324;314;
4958;324;314;
4959;324;314;
4960;324;314;
4961;324;314;
4962;324;314;
4963;324;314;
4964;324;314;
4965;324;314;
4966;324;314;
4967;324;314;
4968;324;314;
4969;324;314;
4970;324;314;
4971;324;314;
4972;324;314;
4973;324;314;
4974;324;314;
4975;324;314;
4976;324;314;
4977;324;314;
4978;324;314;
4979;324;314;
4980;324;314;
4981;324;314;
4982;324;314;
4983;324;314;
4984;324;314;
4985;324;314;
4986;324;314;
4987;324;314;
4988;324;314;
4989;324;314;
4990;324;314;
4991;324;314;
4992;324;314;
4993;324;314;
4994;324;314;
4995;324;314;
4996;324;314;
4997;324;314;
4998;324;314;
4999;324;314;
5000;324;314;
5001;324;314;
5002;324;314;
5003;324;314;
5004;324;314;
5005;324;314;
5006;324;314;
5007;324;314;
5008;324;314;
5009;324;314;
5010;324;314;
5011;324;314;
5012;324;314;
5013;324;314;
5014;324;314;
5015;324;314;
5016;324;314;
5017;324;314;
5018;324;314;
5019;324;314;
5020;324;314;
5021;324;314;
5022;324;314;
5023;324;314;
5024;324;314;
5025;324;314;
5026;324;314;
5027;324;314;
5028;324;314;
5029;324;314;
5030;324;314;
5031;324;314;
5032;324;314;
5033;324;314;
5034;324;314;
5035;324;314;
5036;324;314;
5037;324;314;
5038;324;314;
5039;324;314;
5040;324;314;
5041;324;314;
5042;324;317;
5043;324;317;
5044;324;314;
5045;324;314;
5046;324;314;
5047;324;314;
5048;324;314;
5049;324;314;
5050;324;314;
5051;324;314;
5052;324;314;
5053;324;314;
5054;324;314;
5055;324;314;
5056;324;314;
5057;324;314;
5058;324;314;
5059;324;314;
5060;324;314;
5061;324;314;
5062;324;314;
5063;324;314;
5064;324;314;
5065;324;314;
5066;324;314;
5067;324;324;
5068;324;314;
5069;324;314;
5070;324;314;
5071;324;314;
5072;324;314;
5073;324;314;
5074;324;314;
5075;324;314;
5076;324;314;
5077;324;314;
5078;324;314;
5079;324;314;
5080;324;314;
5081;324;314;
5082;324;317;
5083;324;317;
5084;324;317;
5085;324;324;
5086;324;324;
5087;324;314;
5088;324;314;
5089;324;314;
5090;324;314;
5091;324;314;
5092;324;314;
5093;324;314;
5094;324;314;
5095;324;314;
5096;324;314;
5097;324;314;
5098;324;314;
5099;324;314;
5100;324;314;
5101;324;314;
5102;324;314;
5103;324;314;
5104;324;314;
5105;324;314;
5106;324;314;
5107;324;314;
5108;324;314;
5109;324;314;
5110;324;314;
5111;324;322;
5112;324;322;
5113;324;322;
5114;324;322;
5115;324;322;
5116;324;314;
5117;324;314;
5118;324;314;
5119;324;314;
5120;324;314;
5121;324;314;
5122;324;314;
5123;324;314;
5124;324;314;
5125;324;324;
5126;324;324;
5127;324;324;
5128;324;324;
5129;324;314;
5130;324;314;
5131;324;314;
5132;324;314;
5133;324;314;
5134;324;314;
5135;324;314;
5136;324;314;
5137;324;314;
5138;324;314;
5139;324;314;
5140;324;314;
5141;324;314;
5142;324;314;
5143;324;314;
5144;324;314;
5145;324;314;
5146;324;314;
5147;324;314;
5148;324;314;
5149;324;314;
5150;324;314;
5151;324;314;
5152;324;314;
5153;324;324;
5154;324;324;
5155;324;324;
5156;324;324;
5157;324;324;
5158;324;324;
5159;324;314;
5160;324;314;
5161;324;314;
5162;324;314;
5163;324;314;
5164;324;314;
5165;324;314;
5166;324;314;
5167;324;314;
5168;324;314;
5169;324;314;
5170;324;314;
5171;324;314;
5172;324;314;
5173;324;324;
5174;324;324;
5175;324;324;
5176;324;324;
5177;324;324;
5178;324;324;
5179;324;324;
5180;324;324;
5181;324;314;
5182;324;314;
5183;324;314;
5184;324;314;
5185;324;314;
5186;324;314;
5187;324;314;
5188;324;314;
5189;324;314;
5190;324;314;
5191;324;314;
5192;324;314;
5193;324;314;
5194;324;314;
5195;324;314;
5196;324;314;
5197;324;314;
5198;324;314;
5199;324;314;
5200;324;314;
5201;324;314;
5202;324;314;
5203;324;314;
5204;324;314;
5205;324;314;
5206;324;314;
5207;324;314;
5208;324;314;
5209;324;314;
5210;324;314;
5211;324;314;
5212;324;314;
5213;324;314;
5214;324;314;
5215;324;314;
5216;324;314;
5217;324;314;
5218;324;314;
5219;324;314;
5220;324;314;
5221;324;314;
5222;324;314;
5223;324;314;
5224;324;314;
5225;324;314;
5226;324;314;
5227;324;314;
5228;324;314;
5229;324;314;
5230;324;314;
5231;324;314;
5232;324;314;
5233;324;314;
5234;324;314;
5235;324;314;
5236;324;314;
5237;324;314;
5238;324;314;
5239;324;314;
5240;324;314;
5241;324;314;
5242;324;314;
5243;324;314;
5244;324;314;
5245;324;314;
5246;324;314;
5247;324;314;
5248;324;314;
5249;324;314;
5250;324;314;
5251;324;314;
5252;324;314;
5253;324;314;
5254;324;314;
5255;324;314;
5256;324;314;
5257;324;314;
5258;324;314;
5259;324;314;
5260;324;314;
5261;324;314;
5262;324;314;
5263;324;314;
5264;324;314;
5265;324;314;
5266;324;314;
5267;324;314;
5268;324;314;
5269;324;314;
5270;324;314;
5271;324;314;
5272;324;314;
5273;324;314;
5274;324;314;
5275;324;314;
5276;324;314;
5277;324;314;
5278;324;317;
5279;324;317;
5280;324;317;
5281;324;317;
5282;324;314;
5283;324;314;
5284;324;314;
5285;324;314;
5286;324;314;
5287;324;314;
5288;324;314;
5289;324;314;
5290;324;314;
5291;324;314;
5292;324;314;
5293;324;314;
5294;324;314;
5295;324;314;
5296;324;314;
5297;324;314;
5298;324;314;
5299;324;314;
5300;324;314;
5301;324;314;
5302;324;317;
5303;324;317;
5304;324;317;
5305;324;317;
5306;324;317;
5307;324;317;
5308;324;314;
5309;324;314;
5310;324;314;
5311;324;314;
5312;324;314;
5313;324;314;
5314;324;314;
5315;324;314;
5316;324;314;
5317;324;314;
5318;324;314;
5319;324;314;
5320;324;314;
5321;324;314;
5322;324;314;
5323;324;314;
5324;324;314;
5325;324;314;
5326;324;314;
5327;324;314;
5328;324;314;
5329;324;314;
5330;324;314;
5331;324;314;
5332;324;314;
5333;324;314;
5334;324;314;
5335;324;314;
5336;324;314;
5337;324;314;
5338;324;314;
5339;324;314;
5340;324;314;
5341;324;314;
5342;324;314;
5343;324;314;
5344;324;314;
5345;324;314;
5346;324;314;
5347;324;314;
5348;324;314;
5349;324;314;
5350;324;314;
5351;324;314;
5352;324;314;
5353;324;314;
5354;324;314;
5355;324;314;
5356;324;314;
5357;324;314;
5358;324;314;
5359;324;314;
5360;324;314;
5361;324;314;
5362;324;314;
5363;324;314;
5364;324;314;
5365;324;314;
5366;324;314;
5367;324;314;
5368;324;314;
5369;324;314;
5370;324;314;
5371;324;314;
5372;324;314;
5373;324;314;
5374;324;314;
5375;324;314;
5376;324;314;
5377;324;314;
5378;324;314;
5379;324;314;
5380;324;314;
5381;324;314;
5382;324;314;
5383;324;314;
5384;324;314;
5385;324;314;
5386;324;314;
5387;324;314;
5388;324;314;
5389;324;314;
5390;324;314;
5391;324;314;
5392;324;314;
5393;324;314;
5394;324;314;
5395;324;314;
5396;324;314;
5397;324;314;
5398;324;314;
5399;324;314;
5400;324;314;
5401;324;314;
5402;324;314;
5403;324;317;
5404;324;314;
5405;324;314;
5406;324;314;
5407;324;314;
5408;324;314;
5409;324;314;
5410;324;314;
5411;324;314;
5412;324;314;
5413;324;314;
5414;324;314;
5415;324;314;
5416;324;314;
5417;324;314;
5418;324;314;
5419;324;314;
5420;324;314;
5421;324;314;
5422;324;314;
5423;324;314;
5424;324;314;
5425;324;317;
5426;324;317;
5427;324;317;
5428;324;317;
5429;324;317;
5430;324;317;
5431;324;317;
5432;324;317;
5433;324;317;
5434;324;317;
5435;324;317;
5436;324;317;
5437;324;317;
5438;324;317;
5439;324;317;
5440;324;317;
5441;324;317;
5442;324;322;
5443;324;322;
5444;324;322;
5445;324;322;
5446;324;322;
5447;324;322;
5448;324;322;
5449;324;322;
5450;324;322;
5451;324;322;
5452;324;322;
5453;324;322;
5454;324;322;
5455;324;322;
5456;324;322;
5457;324;322;
5458;324;322;
5459;324;322;
5460;324;317;
5461;324;317;
5462;324;317;
5463;324;317;
5464;324;317;
5465;324;317;
5466;324;317;
5467;324;317;
5468;324;317;
5469;324;314;
5470;324;314;
5471;324;314;
5472;324;314;
5473;324;314;
5474;324;314;
5475;324;314;
5476;324;314;
5477;324;314;
5478;324;314;
5479;324;314;
5480;324;314;
5481;324;314;
5482;324;314;
5483;324;314;
5484;324;314;
5485;324;314;
5486;324;314;
5487;324;314;
5488;324;314;
5489;324;314;
5490;324;324;
5491;324;314;
5492;324;314;
5493;324;314;
5494;324;314;
5495;324;314;
5496;324;314;
5497;324;314;
5498;324;314;
5499;324;314;
5500;324;314;
5501;324;314;
5502;324;314;
5503;324;314;
5504;324;314;
5505;324;314;
5506;324;314;
5507;324;314;
5508;324;314;
5509;324;314;
5510;324;314;
5511;324;314;
5512;324;314;
5513;324;314;
5514;324;314;
5515;324;314;
5516;324;314;
5517;324;314;
5518;324;314;
5519;324;314;
5520;324;314;
5521;324;314;
5522;324;314;
5523;324;314;
5524;324;314;
5525;324;314;
5526;324;314;
5527;324;314;
5528;324;314;
5529;324;314;
5530;324;314;
5531;324;314;
5532;324;314;
5533;324;314;
5534;324;314;
5535;324;314;
5536;324;314;
5537;324;322;
5538;324;322;
5539;324;314;
5540;324;314;
5541;324;314;
5542;324;314;
5543;324;314;
5544;324;314;
5545;324;314;
5546;324;314;
5547;324;314;
5548;324;314;
5549;324;314;
5550;324;314;
5551;324;314;
5552;324;314;
5553;324;314;
5554;324;314;
5555;324;314;
5556;324;314;
5557;324;314;
5558;324;314;
5559;324;314;
5560;324;314;
5561;324;322;
5562;324;322;
5563;324;322;
5564;324;322;
5565;324;322;
5566;324;322;
5567;324;322;
5568;324;322;
5569;324;322;
5570;324;322;
5571;324;322;
5572;324;322;
5573;324;322;
5574;324;322;
5575;324;322;
5576;324;322;
5577;324;322;
5578;324;322;
5579;324;322;
5580;324;322;
5581;324;322;
5582;324;322;
5583;324;322;
5584;324;322;
5585;324;314;
5586;324;314;
5587;324;314;
5588;324;314;
5589;324;314;
5590;324;314;
5591;324;314;
5592;324;314;
5593;324;314;
5594;324;314;
5595;324;314;
5596;324;314;
5597;324;314;
5598;324;314;
5599;324;314;
5600;324;314;
5601;324;314;
5602;324;314;
5603;324;314;
5604;324;314;
5605;324;314;
5606;324;314;
5607;324;314;
5608;324;314;
5609;324;314;
5610;324;314;
5611;324;314;
5612;324;314;
5613;324;314;
5614;324;314;
5615;324;314;
5616;324;314;
5617;324;314;
5618;324;314;
5619;324;314;
5620;324;314;
5621;324;314;
5622;324;314;
5623;324;314;
5624;324;314;
5625;324;314;
5626;324;314;
5627;324;314;
5628;324;314;
5629;324;314;
5630;324;314;
5631;324;314;
5632;324;314;
5633;324;314;
5634;324;314;
5635;324;314;
5636;324;314;
5637;324;314;
5638;324;314;
5639;324;314;
5640;324;322;
5641;324;322;
5642;324;322;
5643;324;322;
5644;324;322;
5645;324;322;
5646;324;322;
5647;324;322;
5648;324;322;
5649;324;322;
5650;324;322;
5651;324;322;
5652;324;322;
5653;324;322;
5654;324;322;
5655;324;322;
5656;324;322;
5657;324;322;
5658;324;324;
5659;324;322;
5660;324;322;
5661;324;322;
5662;324;322;
5663;324;322;
5664;324;322;
5665;324;322;
5666;324;322;
5667;324;322;
5668;324;322;
5669;324;322;
5670;324;322;
5671;324;322;
5672;324;322;
5673;324;322;
5674;324;322;
5675;324;322;
5676;324;322;
5677;324;322;
5678;324;322;
5679;324;322;
5680;324;322;
5681;324;322;
5682;324;322;
5683;324;322;
5684;324;322;
5685;324;322;
5686;324;322;
5687;324;322;
5688;324;322;
5689;324;322;
5690;324;322;
5691;324;322;
5692;324;322;
5693;324;322;
5694;324;322;
5695;324;322;
5696;324;322;
5697;324;322;
5698;324;322;
5699;324;322;
5700;324;322;
5701;324;322;
5702;324;322;
5703;324;322;
5704;324;322;
5705;324;322;
5706;324;322;
5707;324;322;
5708;324;322;
5709;324;322;
5710;324;322;
5711;324;322;
5712;324;322;
5713;324;322;
5714;324;322;
5715;324;314;
5716;324;314;
5717;324;314;
5718;324;314;
5719;324;314;
5720;324;314;
5721;324;314;
5722;324;314;
5723;324;314;
5724;324;314;
5725;324;314;
5726;324;314;
5727;324;314;
5728;324;314;
5729;324;314;
5730;324;314;
5731;324;314;
5732;324;314;
5733;324;314;
5734;324;314;
5735;324;314;
5736;324;314;
5737;324;314;
5738;324;314;
5739;324;314;
5740;324;314;
5741;324;314;
5742;324;314;
5743;324;314;
5744;324;314;
5745;324;314;
5746;324;314;
5747;324;314;
5748;324;314;
5749;324;314;
5750;324;314;
5751;324;314;
5752;324;314;
5753;324;314;
5754;324;314;
5755;324;314;
5756;324;314;
5757;324;314;
5758;324;314;
5759;324;314;
5760;324;314;
5761;324;314;
5762;324;314;
5763;324;314;
5764;324;314;
5765;324;314;
5766;324;314;
5767;324;314;
5768;324;314;
5769;324;314;
5770;324;314;
5771;324;322;
5772;324;314;
5773;324;314;
5774;324;314;
5775;324;314;
5776;324;314;
5777;324;314;
5778;324;314;
5779;324;314;
5780;324;314;
5781;324;314;
5782;324;314;
5783;324;314;
5784;324;314;
5785;324;314;
5786;324;314;
5787;324;314;
5788;324;314;
5789;324;314;
5790;324;314;
5791;324;314;
5792;324;314;
5793;324;314;
5794;324;314;
5795;324;314;
5796;324;314;
5797;324;314;
5798;324;314;
5799;324;314;
5800;324;314;
5801;324;314;
5802;324;314;
5803;324;314;
5804;324;314;
5805;324;314;
5806;324;314;
5807;324;314;
5808;324;314;
5809;324;314;
5810;324;314;
5811;324;314;
5812;324;314;
5813;324;314;
5814;324;314;
5815;324;314;
5816;324;314;
5817;324;314;
5818;324;314;
5819;324;314;
5820;324;314;
5821;324;314;
5822;324;314;
5823;324;314;
5824;324;314;
5825;324;314;
5826;324;314;
5827;324;314;
5828;324;314;
5829;324;314;
5830;324;314;
5831;324;324;
5832;324;314;
5833;324;314;
5834;324;314;
5835;324;314;
5836;324;314;
5837;324;314;
5838;324;314;
5839;324;314;
5840;324;314;
5841;324;314;
5842;324;314;
5843;324;314;
5844;324;314;
5845;324;314;
5846;324;314;
5847;324;314;
5848;324;324;
5849;324;314;
5850;324;314;
5851;324;314;
5852;324;314;
5853;324;314;
5854;324;314;
5855;324;314;
5856;324;314;
5857;324;314;
5858;324;314;
5859;324;314;
5860;324;314;
5861;324;314;
5862;324;314;
5863;324;314;
5864;324;314;
5865;324;314;
5866;324;314;
5867;324;317;
5868;324;314;
5869;324;314;
5870;324;314;
5871;324;314;
5872;324;314;
5873;324;314;
5874;324;314;
5875;324;314;
5876;324;314;
5877;324;314;
5878;324;314;
5879;324;314;
5880;324;314;
5881;324;314;
5882;324;314;
5883;324;324;
5884;324;314;
5885;324;314;
5886;324;314;
5887;324;314;
5888;324;314;
5889;324;314;
5890;324;314;
5891;324;314;
5892;324;314;
5893;324;314;
5894;324;314;
5895;324;314;
5896;324;314;
5897;324;314;
5898;324;314;
5899;324;314;
5900;324;314;
5901;324;314;
5902;324;322;
5903;324;322;
5904;324;322;
5905;324;322;
5906;324;314;
5907;324;314;
5908;324;314;
5909;324;314;
5910;324;314;
5911;324;314;
5912;324;314;
5913;324;314;
5914;324;314;
5915;324;314;
5916;324;314;
5917;324;314;
5918;324;314;
5919;324;314;
5920;324;314;
5921;324;314;
5922;324;314;
5923;324;314;
5924;324;314;
5925;324;314;
5926;324;314;
5927;324;314;
5928;324;314;
5929;324;314;
5930;324;314;
5931;324;314;
5932;324;314;
5933;324;314;
5934;324;314;
5935;324;314;
5936;324;314;
5937;324;314;
5938;324;314;
5939;324;314;
5940;324;314;
5941;324;314;
5942;324;314;
5943;324;314;
5944;324;314;
5945;324;314;
5946;324;314;
5947;324;314;
5948;324;314;
5949;324;314;
5950;324;314;
5951;324;314;
5952;324;314;
5953;324;314;
5954;324;314;
5955;324;314;
5956;324;314;
5957;324;322;
5958;324;322;
5959;324;314;
5960;324;314;
5961;324;314;
5962;324;314;
5963;324;314;
5964;324;314;
5965;324;314;
5966;324;314;
5967;324;314;
5968;324;314;
5969;324;314;
5970;324;314;
5971;324;314;
5972;324;314;
5973;324;314;
5974;324;314;
5975;324;314;
5976;324;314;
5977;324;314;
5978;324;314;
5979;324;314;
5980;324;314;
5981;324;314;
5982;324;314;
5983;324;314;
5984;324;314;
5985;324;314;
5986;324;314;
5987;324;314;
5988;324;314;
5989;324;314;
5990;324;314;
5991;324;314;
5992;324;314;
5993;324;314;
5994;324;314;
5995;324;314;
5996;324;314;
5997;324;314;
5998;324;314;
5999;324;314;
6000;324;314;
6001;324;314;
6002;324;314;
6003;324;314;
6004;324;314;
6005;324;314;
6006;324;314;
6007;324;314;
6008;324;314;
6009;324;314;
6010;324;314;
6011;324;314;
6012;324;314;
6013;324;314;
6014;324;314;
6015;324;314;
6016;324;314;
6017;324;314;
6018;324;314;
6019;324;314;
6020;324;314;
6021;324;314;
6022;324;314;
6023;324;314;
6024;324;314;
6025;324;314;
6026;324;314;
6027;324;314;
6028;324;314;
6029;324;314;
6030;324;314;
6031;324;314;
6032;324;314;
6033;324;314;
6034;324;314;
6035;324;314;
6036;324;314;
6037;324;314;
6038;324;314;
6039;324;314;
6040;324;314;
6041;324;314;
6042;324;314;
6043;324;314;
6044;324;314;
6045;324;314;
6046;324;314;
6047;324;314;
6048;324;314;
6049;324;314;
6050;324;314;
6051;324;314;
6052;324;314;
6053;324;314;
6054;324;314;
6055;324;314;
6056;324;314;
6057;324;314;
6058;324;314;
6059;324;314;
6060;324;314;
6061;324;314;
6062;324;314;
6063;324;314;
6064;324;314;
6065;324;314;
6066;324;314;
6067;324;314;
6068;324;314;
6069;324;314;
6070;324;314;
6071;324;314;
6072;324;314;
6073;324;314;
6074;324;314;
6075;324;314;
6076;324;314;
6077;324;314;
6078;324;314;
6079;324;314;
6080;324;314;
6081;324;314;
6082;324;314;
6083;324;314;
6084;324;314;
6085;324;314;
6086;324;314;
6087;324;314;
6088;324;314;
6089;324;314;
6090;324;314;
6091;324;314;
6092;324;314;
6093;324;314;
6094;324;314;
6095;324;314;
6096;324;314;
6097;324;314;
6098;324;314;
6099;324;314;
6100;324;314;
6101;324;314;
6102;324;314;
6103;324;314;
6104;324;314;
6105;324;314;
6106;324;314;
6107;324;314;
6108;324;314;
6109;324;314;
6110;324;314;
6111;324;314;
6112;324;314;
6113;324;314;
6114;324;314;
6115;324;314;
6116;324;314;
6117;324;314;
6118;324;314;
6119;324;314;
6120;324;314;
6121;324;314;
6122;324;314;
6123;324;314;
6124;324;314;
6125;324;314;
6126;324;314;
6127;324;314;
6128;324;314;
6129;324;314;
6130;324;314;
6131;324;314;
6132;324;322;
6133;324;314;
6134;324;314;
6135;324;314;
6136;324;314;
6137;324;314;
6138;324;314;
6139;324;314;
6140;324;314;
6141;324;314;
6142;324;314;
6143;324;314;
6144;324;314;
6145;324;314;
6146;324;314;
6147;324;314;
6148;324;314;
6149;324;314;
6150;324;314;
6151;324;314;
6152;324;314;
6153;324;314;
6154;324;314;
6155;324;314;
6156;324;314;
6157;324;314;
6158;324;314;
6159;324;314;
6160;324;314;
6161;324;314;
6162;324;314;
6163;324;314;
6164;324;314;
6165;324;314;
6166;324;314;
6167;324;314;
6168;324;314;
6169;324;314;
6170;324;314;
6171;324;314;
6172;324;314;
6173;324;314;
6174;324;314;
6175;324;314;
